评估对象	0.454837767	0.039548023	0.608122363	0.568856886	0.605787029	0.071391395	0.03123	0.0046	929
评估对象	0.617363344	0.033898305	0.763185654	0.376879124	0.122603791	0.053897756	0.03867	0.0068	1590
评估对象	0.484945922	0.084745763	0.63871308	1	1	0.005349294	0.04482	0.008	707
评估对象	0.635194388	0.042372881	0.777953586	0.449816252	0.403485688	0.029898219	0.04023	0.0071	655
评估对象	0.639286758	0.101694915	0.78164557	0.348250295	0.214768125	0.034235485	0.03783	0.0058	1550
评估对象	0.621455715	0.081920904	0.766350211	0.242666256	0.120664403	0.034900532	0.03135	0.0046	324
评估对象	0.644256065	0.087570621	0.785337553	0.366212312	0.281630177	0.016221374	0.04197	0.0077	2295
评估对象	0.523238819	0.093220339	0.67721519	0.445832981	0.434086399	0.045136479	0.04397	0.0063	895
评估对象	0.460976323	0.333333333	0.614451477	0.280470036	0.130576864	0.053001388	0.03078	0.0055	1883
评估对象	0.378836597	0.073446328	0.524261603	0.591200004	0.614883297	0.051526718	0.03916	0.0065	1186
评估对象	0.701549255	0.474576271	0.830696203	0.487157556	0.409705746	0.059883183	0.03412	0.0051	1545
评估对象	0.715872552	0.028248588	0.841244726	0.394642227	0.279254784	0.125954198	0.02511	0.0043	2308
评估对象	0.443437591	0.098870056	0.595991561	0.613294479	0.50429695	0.064856581	0.04562	0.008	330
评估对象	0.437006723	0.152542373	0.588607595	0.516467669	0.474336603	0.01659727	0.05311	0.0079	1255
评估对象	0.479976615	0.166666667	0.633966245	0.534484388	0.367920839	0.03834143	0.03667	0.0065	1970
评估对象	0.345220696	0.096045198	0.484704641	0.38095688	0.1485576	0.120142262	0.02894	0.0051	1755
评估对象	0.375036539	0.101694915	0.519514768	0.33482851	0.175597701	0.02758501	0.03498	0.0058	1655
评估对象	0.49663841	0.093220339	0.650843882	0.487843812	0.344704935	0.078909322	0.02748	0.0041	1146
评估对象	0.275650395	0.059322034	0.399261603	0.55574342	0.150626301	0.007575758	0.04101	0.0063	767
评估对象	0.410990938	0.423728814	0.560654008	0.471373657	0.1353844	0.073531113	0.02397	0.0039	397
评估对象	0.714118679	0.502824859	0.839662447	0.112411794	0.040846533	0.031459635	0.02822	0.0045	1645
评估对象	0.550423853	0.093220339	0.703059072	0.461785958	0.428153187	0.403105482	0.02271	0.0035	1179
评估对象	0.465361006	0.09039548	0.618670886	0.392041414	0.149669631	0.40654638	0.02092	0.0033	1734
评估对象	0.609763227	0.06779661	0.756329114	0.441854683	0.195552246	1	0.02182	0.0032	1076
评估对象	0.526161941	0.06779661	0.679852321	0.492379072	0.336225773	0.208738145	0.02669	0.0044	1076
评估对象	0.700087694	0.06779661	0.82964135	0.345738994	0.176135731	0.107246125	0.01955	0.0033	564
评估对象	0.544285297	0.019774011	0.697257384	0.413270609	0.100277574	0.643968309	0.0313	0.0048	553
评估对象	0.589593686	0.036723164	0.738924051	0.431128196	0.420063826	0.113809854	0.03061	0.0049	1402
评估对象	0.6115171	0.033898305	0.757911392	0.515333854	0.383603397	0.10296669	0.28916	0.051	804
评估对象	0.862320959	0.144067797	0.935654008	0.169778856	0.095767737	0.036606523	0.40774	0.068	362
评估对象	0.921660333	0.110169492	0.966244726	0.066014889	0.045075106	0.042418459	0.36049	0.0588	473
评估对象	0.923998831	0.124293785	0.967299578	0.184334456	0.067031679	0.029464492	0.4726	0.0775	560
评估对象	0.611809412	0.406779661	0.758438819	0.16296602	0.073570213	0.032992135	0.35383	0.0587	339
评估对象	0.677287343	0.237288136	0.812236287	0.097523012	0.024743164	0.025936849	0.43112	0.0741	613
评估对象	0.463607132	0.389830508	0.617088608	0.022208851	0.000676026	0.011623872	0.46814	0.0775	121
评估对象	0.754165449	0.110169492	0.86814346	0.19799991	0.023508642	0.016250289	0.4089	0.0683	438
评估对象	1	0.138418079	1	0.092813701	0.029148186	0.025387462	0.38226	0.0656	316
评估对象	0.696579947	0.031073446	0.827004219	0.143581761	0.014498893	0.023045339	0.44013	0.0699	594
评估对象	0.686056709	0.031073446	0.818565401	0.239513454	0.087793114	0.023160999	0.4495	0.0746	789
评估对象	0.766734873	0.228813559	0.877109705	0.069296985	0.049588353	0.022987509	0.46852	0.0749	925
评估对象	0.199941538	0.471751412	0.298523207	0.086110268	0.013576335	0.006245663	0.47274	0.0755	395
评估对象	0.627301958	0.161016949	0.771624473	0.090188024	0.021644299	0.007055286	0.38546	0.0673	183
评估对象	0.899444607	0.163841808	0.955168776	0.191425772	0.088399676	0.018679158	0.37423	0.0601	1098
评估对象	0.600116925	0.248587571	0.747890295	0.169167193	0.030770958	0.013850335	0.42094	0.0741	704
评估对象	0.537562116	0.194915254	0.69092827	0.255043736	0.094681445	0.040365487	0.3292	0.0557	562
评估对象	0.708272435	0.268361582	0.835443038	0.210143666	0.029217029	0.062745778	0.35807	0.0585	317
评估对象	0.688395206	0.146892655	0.820675105	0.314937019	0.109213208	0.077955124	0.46427	0.0755	741
评估对象	0.429991231	0.209039548	0.581223629	0.30858666	0.110724033	0.045512376	0.32867	0.0549	234
评估对象	0.556270096	0.200564972	0.708333333	0.227404508	0.094898207	0.062485542	0.32698	0.0531	684
评估对象	0.697456884	0.189265537	0.827531646	0.25212466	0.100333702	0.098513764	0.317	0.0532	359
评估对象	0.274773458	0.11299435	0.397679325	0.159688897	0.009263724	0.02741152	0.35137	0.0639	295
评估对象	0.49926922	0.189265537	0.653481013	0.012546559	0.021449554	0.013387694	0.3754	0.0619	354
评估对象	0.344928384	0.11299435	0.484704641	0.252656757	0.094527943	0.026399491	0.3398	0.0585	1104
评估对象	0.382636656	0.333333333	0.528481013	0.025689862	0.010585386	0.025156142	0.22181	0.0388	770
评估对象	0.43525285	0.06779661	0.587025316	0.127211064	0.076664427	0.009050428	0.46411	0.0787	349
评估对象	0.370944168	0.076271186	0.514767932	0.273846169	0.046698498	0.016221374	0.20937	0.0362	407
评估对象	0.34580532	0.079096045	0.485759494	0.270703313	0.112656909	0.027324774	0.34525	0.0565	180
评估对象	0.3525285	0.096045198	0.49314346	0.127166308	0.098375708	0.050167708	0.40296	0.0651	633
评估对象	0.290558316	0.039548023	0.417721519	0.153781124	0.084325846	0.034119824	0.42994	0.0709	227
评估对象	0.656240865	0.031073446	0.79535865	0.161399565	0.042809179	0.079487624	0.27669	0.0482	344
评估对象	0.613270973	0.084745763	0.759493671	0.286785585	0.068251007	0.041406431	0.30618	0.0518	133
评估对象	0.610640164	0.053672316	0.757383966	0.159087179	0.084803095	0.050370113	0.35709	0.058	1072
评估对象	0.582285881	0.144067797	0.732067511	0.060141926	0.024211337	0.135640759	0.28007	0.0457	248
评估对象	0.67290266	0.101694915	0.808544304	0.084429437	0.02622732	0.065116817	0.35286	0.0588	151
评估对象	0.49926922	0.11299435	0.653481013	0.128469201	0.008903074	0.125896368	0.36883	0.0641	421
评估对象	0.634902075	0.025423729	0.777953586	0.114783854	0.056296514	0.140643072	0.40344	0.0678	1342
评估对象	0.484361298	0.268361582	0.63871308	0.100869755	0.048564701	0.129886653	0.15541	0.0259	1464
评估对象	0.444899152	0.375706215	0.597046414	0.038266258	0.012420889	0.0438353	0.44706	0.0725	768
评估对象	0.467114879	0.316384181	0.620780591	0.057879269	0.029225712	0.066389082	0.45125	0.073	690
评估对象	0.425021923	0.395480226	0.575949367	0.092475546	0.023574384	0.085588712	0.29648	0.0491	441
评估对象	0.380005846	0.124293785	0.525316456	0.202192042	0.042114547	0.118956743	0.41281	0.0671	1123
评估对象	0.239988308	0.177966102	0.352320675	0.094966955	0.023942787	0.153134397	0.40924	0.0709	672
评估对象	0.495469161	0.257062147	0.64978903	0.12729063	0.04038665	0.149144113	0.45044	0.0752	443
评估对象	0.31774335	0.347457627	0.451476793	0.117941628	0.0268559	0.096692112	0.17178	0.0283	1047
评估对象	0.42852967	0.302259887	0.57964135	0.081500415	0.059686566	0.082032154	0.17483	0.0282	1071
评估对象	0.325343467	0.197740113	0.460970464	0.332182942	0.146130109	0.221576452	0.38907	0.0664	337
评估对象	0.390236773	0.064971751	0.536919831	0.238712822	0.116594294	0.180488087	0.30238	0.0509	357
评估对象	0.249342298	0.203389831	0.364978903	0.102127892	0.077348205	0.091342817	0.25336	0.0426	204
评估对象	0.415375621	0.231638418	0.565400844	0.094643719	0.024104041	0.136594957	0.44411	0.073	584
评估对象	0.192049108	0.101694915	0.287974684	0.172767553	0.078898723	0.080817719	0.32177	0.0526	513
评估对象	0.33645133	0.087570621	0.474156118	0.264343009	0.103850277	0.039584779	0.4598	0.0769	569
评估对象	0.282373575	0.245762712	0.407700422	0.303340279	0.039181277	0.078446681	0.35301	0.0601	317
评估对象	0.451037708	0.062146893	0.603902954	0.099775723	0.070999455	0.057280824	0.20973	0.0368	1607
评估对象	0.438468284	0.104519774	0.590189873	0.107886479	0.028934835	0.07000347	0.25639	0.0451	1010
评估对象	0.80912014	1	0.904535865	0.447946452	0.071610359	0.049762896	0.25794	0.0445	903
评估对象	0.552177726	0.076271186	0.70464135	0.087383324	0.025301351	0.023768217	0.22413	0.0399	1415
评估对象	0.614732534	0.596045198	0.760548523	0.442759746	0.321831385	0.021310433	0.27063	0.0458	1696
评估对象	0.372990354	0.194915254	0.517405063	0.221203336	0.084942021	0.024144113	0.09809	0.019	1450
评估对象	0.524992692	0.384180791	0.678797468	0.189859317	0.169909161	0.101405274	0.44684	0.0749	745
评估对象	0.599239988	0.401129944	0.747362869	0.484139022	0.124581011	0.087815175	0.48802	0.0791	1724
评估对象	0.73838059	0.307909605	0.857594937	0.123138281	0.0912548	0.157731899	0.243	0.0407	371
评估对象	0.431160479	0.593220339	0.582805907	0.078213346	0.061487647	0.063728892	0.44956	0.0794	589
评估对象	0.789827536	0.214689266	0.892405063	0.514025988	0.163369077	0.045946102	0.41856	0.0707	474
评估对象	0.389944461	0.31920904	0.536919831	0.393304524	0.411652886	0.027382605	0.28737	0.0482	1065
