2.0000,1.0000,0.1000,0.0888,0.0000,0.0707,0.0000,0.2500,1
3.0000,1.0000,0.1000,0.0645,0.0000,0.4731,0.0000,0.2500,2
2.0000,1.0000,0.1000,0.0950,0.1176,0.0000,0.0000,0.2500,3
2.0000,2.0000,0.1000,0.0950,0.0000,0.0000,0.0000,0.2500,1
2.0000,2.0000,0.1000,0.0686,0.0000,0.3854,0.0000,0.2500,2
2.0000,2.0000,0.1000,0.0950,0.1346,0.0000,0.0000,0.2500,3
3.0000,3.0000,0.1000,0.0904,0.0000,0.0517,0.0000,0.2500,1
2.0000,3.0000,0.1000,0.0685,0.0000,0.3865,0.0000,0.2500,2
2.0000,3.0000,0.1000,0.0950,0.1321,0.0000,0.0000,0.2500,3
2.0000,4.0000,0.1000,0.0950,0.0000,0.0000,0.0000,0.2500,1
3.0000,4.0000,0.1000,0.0645,0.0000,0.4731,0.0000,0.2500,2
2.0000,4.0000,0.1000,0.0950,0.1667,0.0000,0.0000,0.2500,3
2.0000,5.0000,0.1000,0.0939,0.0000,0.0116,0.0000,0.2500,1
2.0000,5.0000,0.1000,0.0668,0.0000,0.4234,0.0000,0.2500,2
1.0000,5.0000,0.1000,0.0950,0.2364,0.0000,0.0000,0.2500,3
2.0000,6.0000,0.1000,0.0850,0.0000,0.1183,0.0000,0.2500,1
3.0000,6.0000,0.1000,0.0646,0.0000,0.4720,0.0000,0.2500,2
2.0000,6.0000,0.1000,0.0950,0.1964,0.0000,0.0000,0.2500,3
3.0000,7.0000,0.1000,0.0812,0.0000,0.1700,0.0000,0.2500,1
3.0000,7.0000,0.1000,0.0646,0.0000,0.4720,0.0000,0.2500,2
2.0000,7.0000,0.1000,0.0950,0.1930,0.0000,0.0000,0.2500,3
2.0000,8.0000,0.1000,0.0750,0.0000,0.2672,0.0000,0.2500,1
3.0000,8.0000,0.1000,0.0639,0.0000,0.4868,0.0000,0.2500,2
2.0000,8.0000,0.1000,0.0992,0.2241,-0.0422,0.0000,0.2500,3
3.0000,9.0000,0.1000,0.0836,0.0000,0.1362,0.0000,0.2500,1
3.0000,9.0000,0.1000,0.0599,0.0000,0.5861,0.0000,0.2500,2
2.0000,9.0000,0.1000,0.0950,0.2542,0.0000,0.0000,0.2500,3
4.0000,1.0000,0.1000,0.0948,0.0000,0.0021,0.0000,0.2500,1
5.0000,1.0000,0.1000,0.0838,0.0000,0.1341,0.0000,0.2500,2
4.0000,1.0000,0.1000,0.0948,0.1176,0.0021,0.0000,0.2500,3
4.0000,2.0000,0.1000,0.0948,0.0000,0.0021,0.0000,0.2500,1
4.0000,2.0000,0.1000,0.0675,0.0000,0.4076,0.0000,0.2500,2
2.0000,2.0000,0.1000,0.0948,0.1923,0.0021,0.0000,0.2500,3
5.0000,3.0000,0.1000,0.0898,0.0000,0.0581,0.0000,0.2500,1
3.0000,3.0000,0.1000,0.0671,0.0000,0.4161,0.0000,0.2500,2
4.0000,3.0000,0.1000,0.0948,0.1509,0.0021,0.0000,0.2500,3
5.0000,4.0000,0.1000,0.0942,0.0000,0.0084,0.0000,0.2500,1
3.0000,4.0000,0.1000,0.0671,0.0000,0.4161,0.0000,0.2500,2
3.0000,4.0000,0.1000,0.0992,0.1667,-0.0422,0.0000,0.2500,3
4.0000,5.0000,0.1000,0.0939,0.0000,0.0116,0.0000,0.2500,1
4.0000,5.0000,0.1000,0.0655,0.0000,0.4509,0.0000,0.2500,2
4.0000,5.0000,0.1000,0.0948,0.1636,0.0021,0.0000,0.2500,3
4.0000,6.0000,0.1000,0.0823,0.0000,0.1552,0.0000,0.2500,1
4.0000,6.0000,0.1000,0.0655,0.0000,0.4509,0.0000,0.2500,2
4.0000,6.0000,0.1000,0.0948,0.1786,0.0021,0.0000,0.2500,3
4.0000,7.0000,0.1000,0.0848,0.0000,0.1204,0.0000,0.2500,1
3.0000,7.0000,0.1000,0.0671,0.0000,0.4161,0.0000,0.2500,2
3.0000,7.0000,0.1000,0.0948,0.1754,0.0021,0.0000,0.2500,3
4.0000,8.0000,0.1000,0.0848,0.0000,0.1204,0.0000,0.2500,1
4.0000,8.0000,0.1000,0.0606,0.0000,0.5671,0.0000,0.2500,2
4.0000,8.0000,0.1000,0.0948,0.2241,0.0021,0.0000,0.2500,3
4.0000,9.0000,0.1000,0.0691,0.0000,0.3749,0.0000,0.2500,1
4.0000,9.0000,0.1000,0.0592,0.0000,0.6061,0.0000,0.2500,2
3.0000,9.0000,0.1000,0.0992,0.2373,-0.0422,0.0000,0.2500,3
4.0000,1.0000,0.1000,0.0888,0.0000,0.0707,0.0000,0.2500,1
3.0000,1.0000,0.1000,0.0671,0.0000,0.4161,0.0000,0.2500,2
4.0000,1.0000,0.1000,0.0948,0.0980,0.0021,0.0000,0.2500,3
4.0000,2.0000,0.1000,0.0948,0.0000,0.0021,0.0000,0.2500,1
6.0000,2.0000,0.1000,0.0639,0.0000,0.4868,0.0000,0.2500,2
4.0000,2.0000,0.1000,0.0948,0.1346,0.0021,0.0000,0.2500,3
5.0000,3.0000,0.1000,0.0948,0.0000,0.0021,0.0000,0.2500,1
3.0000,3.0000,0.1000,0.0671,0.0000,0.4161,0.0000,0.2500,2
3.0000,3.0000,0.1000,0.0948,0.1132,0.0021,0.0000,0.2500,3
4.0000,4.0000,0.1000,0.0849,0.0000,0.1193,0.0000,0.2500,1
6.0000,4.0000,0.1000,0.0639,0.0000,0.4868,0.0000,0.2500,2
4.0000,4.0000,0.1000,0.0948,0.1667,0.0021,0.0000,0.2500,3
4.0000,5.0000,0.1000,0.0823,0.0000,0.1552,0.0000,0.2500,1
3.0000,5.0000,0.1000,0.0671,0.0000,0.4161,0.0000,0.2500,2
4.0000,5.0000,0.1000,0.0948,0.1636,0.0021,0.0000,0.2500,3
4.0000,6.0000,0.1000,0.0848,0.0000,0.1204,0.0000,0.2500,1
5.0000,6.0000,0.1000,0.0645,0.0000,0.4731,0.0000,0.2500,2
4.0000,6.0000,0.1000,0.0948,0.1786,0.0021,0.0000,0.2500,3
4.0000,7.0000,0.1000,0.0848,0.0000,0.1204,0.0000,0.2500,1
5.0000,7.0000,0.1000,0.0606,0.0000,0.5671,0.0000,0.2500,2
4.0000,7.0000,0.1000,0.0948,0.2105,0.0021,0.0000,0.2500,3
5.0000,8.0000,0.1000,0.0808,0.0000,0.1763,0.0000,0.2500,1
5.0000,8.0000,0.1000,0.0646,0.0000,0.4720,0.0000,0.2500,2
4.0000,8.0000,0.1000,0.0948,0.2069,0.0021,0.0000,0.2500,3
5.0000,9.0000,0.1000,0.0836,0.0000,0.1362,0.0000,0.2500,1
4.0000,9.0000,0.1000,0.0660,0.0000,0.4403,0.0000,0.2500,2
4.0000,9.0000,0.1000,0.0948,0.2373,0.0021,0.0000,0.2500,3
7.0000,1.0000,0.1000,0.0895,0.0000,0.0623,0.0000,0.2500,1
6.0000,1.0000,0.1000,0.0781,0.0000,0.2165,0.0000,0.2500,2
6.0000,1.0000,0.1000,0.0948,0.1373,0.0021,0.0000,0.2500,3
7.0000,2.0000,0.1000,0.0938,0.0000,0.0127,0.0000,0.2500,1
7.0000,2.0000,0.1000,0.0833,0.0000,0.1415,0.0000,0.2500,2
6.0000,2.0000,0.1000,0.0948,0.1154,0.0021,0.0000,0.2500,3
5.0000,3.0000,0.1000,0.0948,0.0000,0.0021,0.0000,0.2500,1
7.0000,3.0000,0.1000,0.0682,0.0000,0.3928,0.0000,0.2500,2
6.0000,3.0000,0.1000,0.0948,0.1321,0.0021,0.0000,0.2500,3
6.0000,4.0000,0.1000,0.0884,0.0000,0.0750,0.0000,0.2500,1
7.0000,4.0000,0.1000,0.0686,0.0000,0.3854,0.0000,0.2500,2
6.0000,4.0000,0.1000,0.0948,0.1667,0.0021,0.0000,0.2500,3
5.0000,5.0000,0.1000,0.0939,0.0000,0.0116,0.0000,0.2500,1
9.0000,5.0000,0.1000,0.0639,0.0000,0.4868,0.0000,0.2500,2
6.0000,5.0000,0.1000,0.0948,0.2000,0.0021,0.0000,0.2500,3
6.0000,6.0000,0.1000,0.0848,0.0000,0.1204,0.0000,0.2500,1
7.0000,6.0000,0.1000,0.0686,0.0000,0.3854,0.0000,0.2500,2
6.0000,6.0000,0.1000,0.0948,0.1786,0.0021,0.0000,0.2500,3
5.0000,7.0000,0.1000,0.0848,0.0000,0.1204,0.0000,0.2500,1
8.0000,7.0000,0.1000,0.0645,0.0000,0.4731,0.0000,0.2500,2
5.0000,7.0000,0.1000,0.0992,0.2105,-0.0422,0.0000,0.2500,3
6.0000,8.0000,0.1000,0.0750,0.0000,0.2672,0.0000,0.2500,1
8.0000,8.0000,0.1000,0.0624,0.0000,0.5238,0.0000,0.2500,2
6.0000,8.0000,0.1000,0.0948,0.2069,0.0021,0.0000,0.2500,3
6.0000,9.0000,0.1000,0.0836,0.0000,0.1362,0.0000,0.2500,1
5.0000,9.0000,0.1000,0.0600,0.0000,0.5829,0.0000,0.2500,2
5.0000,9.0000,0.1000,0.0992,0.2373,-0.0422,0.0000,0.2500,3
6.0000,1.0000,0.1000,0.0846,0.0000,0.1235,0.0000,0.2500,1
6.0000,1.0000,0.1000,0.0675,0.0000,0.4076,0.0000,0.2500,2
5.0000,1.0000,0.1000,0.0992,0.1176,-0.0422,0.0000,0.2500,3
7.0000,2.0000,0.1000,0.0948,0.0000,0.0021,0.0000,0.2500,1
7.0000,2.0000,0.1000,0.0645,0.0000,0.4731,0.0000,0.2500,2
6.0000,2.0000,0.1000,0.0948,0.1346,0.0021,0.0000,0.2500,3
7.0000,3.0000,0.1000,0.0895,0.0000,0.0623,0.0000,0.2500,1
7.0000,3.0000,0.1000,0.0645,0.0000,0.4731,0.0000,0.2500,2
5.0000,3.0000,0.1000,0.0948,0.1132,0.0021,0.0000,0.2500,3
7.0000,4.0000,0.1000,0.0895,0.0000,0.0623,0.0000,0.2500,1
6.0000,4.0000,0.1000,0.0675,0.0000,0.4076,0.0000,0.2500,2
6.0000,4.0000,0.1000,0.0948,0.1481,0.0021,0.0000,0.2500,3
6.0000,5.0000,0.1000,0.0939,0.0000,0.0116,0.0000,0.2500,1
6.0000,5.0000,0.1000,0.0652,0.0000,0.4583,0.0000,0.2500,2
6.0000,5.0000,0.1000,0.0948,0.1818,0.0021,0.0000,0.2500,3
6.0000,6.0000,0.1000,0.0820,0.0000,0.1595,0.0000,0.2500,1
7.0000,6.0000,0.1000,0.0667,0.0000,0.4256,0.0000,0.2500,2
6.0000,6.0000,0.1000,0.0948,0.1964,0.0021,0.0000,0.2500,3
6.0000,7.0000,0.1000,0.0750,0.0000,0.2672,0.0000,0.2500,1
5.0000,7.0000,0.1000,0.0671,0.0000,0.4161,0.0000,0.2500,2
6.0000,7.0000,0.1000,0.0948,0.1930,0.0021,0.0000,0.2500,3
5.0000,8.0000,0.1000,0.0848,0.0000,0.1204,0.0000,0.2500,1
8.0000,8.0000,0.1000,0.0624,0.0000,0.5238,0.0000,0.2500,2
6.0000,8.0000,0.1000,0.0948,0.2241,0.0021,0.0000,0.2500,3
6.0000,9.0000,0.1000,0.0644,0.0000,0.4762,0.0000,0.2500,1
6.0000,9.0000,0.1000,0.0615,0.0000,0.5449,0.0000,0.2500,2
6.0000,9.0000,0.1000,0.0948,0.2373,0.0021,0.0000,0.2500,3
6.0000,1.0000,0.1000,0.0884,0.0000,0.0750,0.0000,0.2500,1
9.0000,1.0000,0.1000,0.0686,0.0000,0.3854,0.0000,0.2500,2
3.0000,1.0000,0.1000,0.0948,0.1765,0.0021,0.0000,0.2500,3
5.0000,2.0000,0.1000,0.0948,0.0000,0.0021,0.0000,0.2500,1
9.0000,2.0000,0.1000,0.0639,0.0000,0.4868,0.0000,0.2500,2
3.0000,2.0000,0.1000,0.0948,0.1923,0.0021,0.0000,0.2500,3
7.0000,3.0000,0.1000,0.0948,0.0000,0.0021,0.0000,0.2500,1
7.0000,3.0000,0.1000,0.0698,0.0000,0.3611,0.0000,0.2500,2
6.0000,3.0000,0.1000,0.0948,0.1509,0.0021,0.0000,0.2500,3
6.0000,4.0000,0.1000,0.0948,0.0000,0.0021,0.0000,0.2500,1
7.0000,4.0000,0.1000,0.0667,0.0000,0.4256,0.0000,0.2500,2
6.0000,4.0000,0.1000,0.0948,0.1852,0.0021,0.0000,0.2500,3
6.0000,5.0000,0.1000,0.0884,0.0000,0.0750,0.0000,0.2500,1
8.0000,5.0000,0.1000,0.0644,0.0000,0.4762,0.0000,0.2500,2
6.0000,5.0000,0.1000,0.0948,0.1818,0.0021,0.0000,0.2500,3
6.0000,6.0000,0.1000,0.0848,0.0000,0.1204,0.0000,0.2500,1
6.0000,6.0000,0.1000,0.0652,0.0000,0.4583,0.0000,0.2500,2
6.0000,6.0000,0.1000,0.0948,0.1964,0.0021,0.0000,0.2500,3
6.0000,7.0000,0.1000,0.0750,0.0000,0.2672,0.0000,0.2500,1
7.0000,7.0000,0.1000,0.0664,0.0000,0.4308,0.0000,0.2500,2
5.0000,7.0000,0.1000,0.0948,0.2105,0.0021,0.0000,0.2500,3
7.0000,8.0000,0.1000,0.0848,0.0000,0.1204,0.0000,0.2500,1
9.0000,8.0000,0.1000,0.0645,0.0000,0.4731,0.0000,0.2500,2
6.0000,8.0000,0.1000,0.0948,0.2241,0.0021,0.0000,0.2500,3
6.0000,9.0000,0.1000,0.0836,0.0000,0.1362,0.0000,0.2500,1
8.0000,9.0000,0.1000,0.0596,0.0000,0.5935,0.0000,0.2500,2
6.0000,9.0000,0.1000,0.0948,0.2203,0.0021,0.0000,0.2500,3
6.0000,1.0000,0.1000,0.0948,0.0000,0.0021,0.0000,0.2500,1
5.0000,1.0000,0.1000,0.0671,0.0000,0.4161,0.0000,0.2500,2
7.0000,1.0000,0.1000,0.0948,0.1176,0.0021,0.0000,0.2500,3
7.0000,2.0000,0.1000,0.0884,0.0000,0.0750,0.0000,0.2500,1
9.0000,2.0000,0.1000,0.0645,0.0000,0.4731,0.0000,0.2500,2
7.0000,2.0000,0.1000,0.0948,0.1154,0.0021,0.0000,0.2500,3
8.0000,3.0000,0.1000,0.0938,0.0000,0.0137,0.0000,0.2500,1
8.0000,3.0000,0.1000,0.0779,0.0000,0.2207,0.0000,0.2500,2
7.0000,3.0000,0.1000,0.0948,0.1321,0.0021,0.0000,0.2500,3
6.0000,4.0000,0.1000,0.0948,0.0000,0.0021,0.0000,0.2500,1
6.0000,4.0000,0.1000,0.0671,0.0000,0.4161,0.0000,0.2500,2
6.0000,4.0000,0.1000,0.0992,0.1667,-0.0422,0.0000,0.2500,3
7.0000,5.0000,0.1000,0.0939,0.0000,0.0116,0.0000,0.2500,1
8.0000,5.0000,0.1000,0.0664,0.0000,0.4308,0.0000,0.2500,2
6.0000,5.0000,0.1000,0.0948,0.1818,0.0021,0.0000,0.2500,3
6.0000,6.0000,0.1000,0.0848,0.0000,0.1204,0.0000,0.2500,1
9.0000,6.0000,0.1000,0.0731,0.0000,0.3010,0.0000,0.2500,2
4.0000,6.0000,0.1000,0.0948,0.2500,0.0021,0.0000,0.2500,3
8.0000,7.0000,0.1000,0.0848,0.0000,0.1204,0.0000,0.2500,1
9.0000,7.0000,0.1000,0.0652,0.0000,0.4583,0.0000,0.2500,2
6.0000,7.0000,0.1000,0.0948,0.2105,0.0021,0.0000,0.2500,3
7.0000,8.0000,0.1000,0.0848,0.0000,0.1204,0.0000,0.2500,1
10.0000,8.0000,0.1000,0.0606,0.0000,0.5671,0.0000,0.2500,2
7.0000,8.0000,0.1000,0.0948,0.2241,0.0021,0.0000,0.2500,3
8.0000,9.0000,0.1000,0.0836,0.0000,0.1362,0.0000,0.2500,1
11.0000,9.0000,0.1000,0.0645,0.0000,0.4731,0.0000,0.2500,2
4.0000,9.0000,0.1000,0.0948,0.2881,0.0021,0.0000,0.2500,3
13.0000,1.0000,0.1000,0.0944,0.0000,0.0063,0.0000,0.2500,1
15.0000,1.0000,0.1000,0.0643,0.0000,0.4784,0.0000,0.2500,2
12.0000,1.0000,0.1000,0.0944,0.1176,0.0063,0.0000,0.2500,3
15.0000,2.0000,0.1000,0.0944,0.0000,0.0063,0.0000,0.2500,1
12.0000,2.0000,0.1000,0.0673,0.0000,0.4129,0.0000,0.2500,2
11.0000,2.0000,0.1000,0.0944,0.1923,0.0063,0.0000,0.2500,3
15.0000,3.0000,0.1000,0.0944,0.0000,0.0063,0.0000,0.2500,1
14.0000,3.0000,0.1000,0.0681,0.0000,0.3960,0.0000,0.2500,2
12.0000,3.0000,0.1000,0.0989,0.1509,-0.0391,0.0000,0.2500,3
14.0000,4.0000,0.1000,0.0944,0.0000,0.0063,0.0000,0.2500,1
14.0000,4.0000,0.1000,0.0664,0.0000,0.4308,0.0000,0.2500,2
13.0000,4.0000,0.1000,0.0944,0.1852,0.0063,0.0000,0.2500,3
14.0000,5.0000,0.1000,0.0892,0.0000,0.0655,0.0000,0.2500,1
13.0000,5.0000,0.1000,0.0642,0.0000,0.4794,0.0000,0.2500,2
12.0000,5.0000,0.1000,0.0944,0.1818,0.0063,0.0000,0.2500,3
14.0000,6.0000,0.1000,0.0845,0.0000,0.1246,0.0000,0.2500,1
17.0000,6.0000,0.1000,0.0683,0.0000,0.3907,0.0000,0.2500,2
14.0000,6.0000,0.1000,0.0944,0.1786,0.0063,0.0000,0.2500,3
14.0000,7.0000,0.1000,0.0750,0.0000,0.2672,0.0000,0.2500,1
14.0000,7.0000,0.1000,0.0629,0.0000,0.5111,0.0000,0.2500,2
12.0000,7.0000,0.1000,0.0944,0.2105,0.0063,0.0000,0.2500,3
14.0000,8.0000,0.1000,0.0750,0.0000,0.2672,0.0000,0.2500,1
14.0000,8.0000,0.1000,0.0602,0.0000,0.5776,0.0000,0.2500,2
12.0000,8.0000,0.1000,0.0944,0.1897,0.0063,0.0000,0.2500,3
12.0000,9.0000,0.1000,0.0836,0.0000,0.1362,0.0000,0.2500,1
14.0000,9.0000,0.1000,0.0602,0.0000,0.5776,0.0000,0.2500,2
12.0000,9.0000,0.1000,0.0944,0.2034,0.0063,0.0000,0.2500,3
15.0000,1.0000,0.1000,0.0892,0.0000,0.0655,0.0000,0.2500,1
16.0000,1.0000,0.1000,0.0643,0.0000,0.4784,0.0000,0.2500,2
15.0000,1.0000,0.1000,0.0944,0.0980,0.0063,0.0000,0.2500,3
13.0000,2.0000,0.1000,0.0881,0.0000,0.0781,0.0000,0.2500,1
13.0000,2.0000,0.1000,0.0669,0.0000,0.4213,0.0000,0.2500,2
13.0000,2.0000,0.1000,0.0944,0.1346,0.0063,0.0000,0.2500,3
14.0000,3.0000,0.1000,0.0944,0.0000,0.0063,0.0000,0.2500,1
14.0000,3.0000,0.1000,0.0813,0.0000,0.1690,0.0000,0.2500,2
12.0000,3.0000,0.1000,0.0944,0.2075,0.0063,0.0000,0.2500,3
14.0000,4.0000,0.1000,0.0944,0.0000,0.0063,0.0000,0.2500,1
14.0000,4.0000,0.1000,0.0669,0.0000,0.4213,0.0000,0.2500,2
15.0000,4.0000,0.1000,0.0944,0.1481,0.0063,0.0000,0.2500,3
14.0000,5.0000,0.1000,0.0820,0.0000,0.1595,0.0000,0.2500,1
15.0000,5.0000,0.1000,0.0664,0.0000,0.4308,0.0000,0.2500,2
12.0000,5.0000,0.1000,0.0944,0.2364,0.0063,0.0000,0.2500,3
14.0000,6.0000,0.1000,0.0845,0.0000,0.1246,0.0000,0.2500,1
18.0000,6.0000,0.1000,0.0643,0.0000,0.4784,0.0000,0.2500,2
13.0000,6.0000,0.1000,0.0944,0.1964,0.0063,0.0000,0.2500,3
15.0000,7.0000,0.1000,0.0803,0.0000,0.1837,0.0000,0.2500,1
17.0000,7.0000,0.1000,0.0604,0.0000,0.5723,0.0000,0.2500,2
14.0000,7.0000,0.1000,0.0944,0.2105,0.0063,0.0000,0.2500,3
13.0000,8.0000,0.1000,0.0845,0.0000,0.1246,0.0000,0.2500,1
15.0000,8.0000,0.1000,0.0602,0.0000,0.5776,0.0000,0.2500,2
12.0000,8.0000,0.1000,0.0944,0.2759,0.0063,0.0000,0.2500,3
15.0000,9.0000,0.1000,0.0836,0.0000,0.1362,0.0000,0.2500,1
17.0000,9.0000,0.1000,0.0590,0.0000,0.6114,0.0000,0.2500,2
15.0000,9.0000,0.1000,0.0944,0.2203,0.0063,0.0000,0.2500,3
2.0000,1.0000,0.2000,0.0762,0.0000,0.2471,0.0000,0.6071,1
2.0000,1.0000,0.2000,0.0510,0.0000,0.8627,0.0000,0.6071,2
2.0000,1.0000,0.2000,0.0950,0.2157,0.0000,0.0000,0.6071,3
2.0000,2.0000,0.2000,0.0762,0.0000,0.2471,0.0000,0.6071,1
3.0000,2.0000,0.2000,0.0569,0.0000,0.6695,0.0000,0.6071,2
2.0000,2.0000,0.2000,0.0950,0.2115,0.0000,0.0000,0.6071,3
3.0000,3.0000,0.2000,0.0942,0.0000,0.0084,0.0000,0.6071,1
2.0000,3.0000,0.2000,0.0598,0.0000,0.5882,0.0000,0.6071,2
2.0000,3.0000,0.2000,0.0950,0.2453,0.0000,0.0000,0.6071,3
2.0000,4.0000,0.2000,0.0950,0.0000,0.0000,0.0000,0.6071,1
2.0000,4.0000,0.2000,0.0698,0.0000,0.3611,0.0000,0.6071,2
2.0000,4.0000,0.2000,0.0992,0.2593,-0.0422,0.0000,0.6071,3
2.0000,5.0000,0.2000,0.0888,0.0000,0.0707,0.0000,0.6071,1
3.0000,5.0000,0.2000,0.0709,0.0000,0.3411,0.0000,0.6071,2
1.0000,5.0000,0.2000,0.0992,0.3273,-0.0422,0.0000,0.6071,3
2.0000,6.0000,0.2000,0.0850,0.0000,0.1183,0.0000,0.6071,1
2.0000,6.0000,0.2000,0.0642,0.0000,0.4794,0.0000,0.6071,2
2.0000,6.0000,0.2000,0.0950,0.2679,0.0000,0.0000,0.6071,3
3.0000,7.0000,0.2000,0.0715,0.0000,0.3295,0.0000,0.6071,1
2.0000,7.0000,0.2000,0.0611,0.0000,0.5544,0.0000,0.6071,2
2.0000,7.0000,0.2000,0.0950,0.2807,0.0000,0.0000,0.6071,3
2.0000,8.0000,0.2000,0.0850,0.0000,0.1183,0.0000,0.6071,1
3.0000,8.0000,0.2000,0.0569,0.0000,0.6695,0.0000,0.6071,2
2.0000,8.0000,0.2000,0.0950,0.3103,0.0000,0.0000,0.6071,3
2.0000,9.0000,0.2000,0.0691,0.0000,0.3749,0.0000,0.6071,1
2.0000,9.0000,0.2000,0.0591,0.0000,0.6072,0.0000,0.6071,2
1.0000,9.0000,0.2000,0.0950,0.3729,0.0000,0.0000,0.6071,3
4.0000,1.0000,0.2000,0.0850,0.0000,0.1183,0.0000,0.6071,1
4.0000,1.0000,0.2000,0.0697,0.0000,0.3633,0.0000,0.6071,2
3.0000,1.0000,0.2000,0.0992,0.2353,-0.0422,0.0000,0.6071,3
4.0000,2.0000,0.2000,0.0838,0.0000,0.1341,0.0000,0.6071,1
4.0000,2.0000,0.2000,0.0539,0.0000,0.7624,0.0000,0.6071,2
4.0000,2.0000,0.2000,0.0948,0.2115,0.0021,0.0000,0.6071,3
4.0000,3.0000,0.2000,0.0948,0.0000,0.0021,0.0000,0.6071,1
1.0000,3.0000,0.2000,0.0538,0.0000,0.7666,0.0000,0.6071,2
3.0000,3.0000,0.2000,0.0992,0.2642,-0.0422,0.0000,0.6071,3
5.0000,4.0000,0.2000,0.0905,0.0000,0.0507,0.0000,0.6071,1
4.0000,4.0000,0.2000,0.0502,0.0000,0.8944,0.0000,0.6071,2
3.0000,4.0000,0.2000,0.0948,0.2222,0.0021,0.0000,0.6071,3
4.0000,5.0000,0.2000,0.0888,0.0000,0.0707,0.0000,0.6071,1
4.0000,5.0000,0.2000,0.0513,0.0000,0.8532,0.0000,0.6071,2
3.0000,5.0000,0.2000,0.0948,0.2364,0.0021,0.0000,0.6071,3
4.0000,6.0000,0.2000,0.0848,0.0000,0.1204,0.0000,0.6071,1
4.0000,6.0000,0.2000,0.0614,0.0000,0.5480,0.0000,0.6071,2
4.0000,6.0000,0.2000,0.0948,0.2857,0.0021,0.0000,0.6071,3
4.0000,7.0000,0.2000,0.0561,0.0000,0.6948,0.0000,0.6071,1
3.0000,7.0000,0.2000,0.0537,0.0000,0.7709,0.0000,0.6071,2
2.0000,7.0000,0.2000,0.0948,0.3333,0.0021,0.0000,0.6071,3
4.0000,8.0000,0.2000,0.0750,0.0000,0.2672,0.0000,0.6071,1
4.0000,8.0000,0.2000,0.0531,0.0000,0.7909,0.0000,0.6071,2
2.0000,8.0000,0.2000,0.0948,0.3621,0.0021,0.0000,0.6071,3
4.0000,9.0000,0.2000,0.0836,0.0000,0.1362,0.0000,0.6071,1
5.0000,9.0000,0.2000,0.0574,0.0000,0.6558,0.0000,0.6071,2
3.0000,9.0000,0.2000,0.0948,0.2712,0.0021,0.0000,0.6071,3
5.0000,1.0000,0.2000,0.0783,0.0000,0.2144,0.0000,0.6071,1
5.0000,1.0000,0.2000,0.0500,0.0000,0.9007,0.0000,0.6071,2
3.0000,1.0000,0.2000,0.0992,0.2157,-0.0422,0.0000,0.6071,3
5.0000,2.0000,0.2000,0.0942,0.0000,0.0084,0.0000,0.6071,1
7.0000,2.0000,0.2000,0.0573,0.0000,0.6579,0.0000,0.6071,2
4.0000,2.0000,0.2000,0.0948,0.2115,0.0021,0.0000,0.6071,3
5.0000,3.0000,0.2000,0.0942,0.0000,0.0084,0.0000,0.6071,1
6.0000,3.0000,0.2000,0.0534,0.0000,0.7782,0.0000,0.6071,2
4.0000,3.0000,0.2000,0.0948,0.2642,0.0021,0.0000,0.6071,3
5.0000,4.0000,0.2000,0.0826,0.0000,0.1510,0.0000,0.6071,1
3.0000,4.0000,0.2000,0.0647,0.0000,0.4678,0.0000,0.6071,2
4.0000,4.0000,0.2000,0.0948,0.2407,0.0021,0.0000,0.6071,3
5.0000,5.0000,0.2000,0.0898,0.0000,0.0581,0.0000,0.6071,1
4.0000,5.0000,0.2000,0.0520,0.0000,0.8279,0.0000,0.6071,2
4.0000,5.0000,0.2000,0.0948,0.2545,0.0021,0.0000,0.6071,3
4.0000,6.0000,0.2000,0.0848,0.0000,0.1204,0.0000,0.6071,1
6.0000,6.0000,0.2000,0.0591,0.0000,0.6093,0.0000,0.6071,2
4.0000,6.0000,0.2000,0.0948,0.2679,0.0021,0.0000,0.6071,3
4.0000,7.0000,0.2000,0.0750,0.0000,0.2672,0.0000,0.6071,1
4.0000,7.0000,0.2000,0.0476,0.0000,0.9947,0.0000,0.6071,2
4.0000,7.0000,0.2000,0.0948,0.2982,0.0021,0.0000,0.6071,3
4.0000,8.0000,0.2000,0.0750,0.0000,0.2672,0.0000,0.6071,1
5.0000,8.0000,0.2000,0.0581,0.0000,0.6357,0.0000,0.6071,2
4.0000,8.0000,0.2000,0.0948,0.2931,0.0021,0.0000,0.6071,3
4.0000,9.0000,0.2000,0.0762,0.0000,0.2471,0.0000,0.6071,1
5.0000,9.0000,0.2000,0.0574,0.0000,0.6558,0.0000,0.6071,2
4.0000,9.0000,0.2000,0.0948,0.3220,0.0021,0.0000,0.6071,3
6.0000,1.0000,0.2000,0.0801,0.0000,0.1869,0.0000,0.6071,1
7.0000,1.0000,0.2000,0.0598,0.0000,0.5892,0.0000,0.6071,2
4.0000,1.0000,0.2000,0.0992,0.2157,-0.0422,0.0000,0.6071,3
5.0000,2.0000,0.2000,0.0905,0.0000,0.0496,0.0000,0.6071,1
6.0000,2.0000,0.2000,0.0630,0.0000,0.5079,0.0000,0.6071,2
5.0000,2.0000,0.2000,0.0992,0.2308,-0.0422,0.0000,0.6071,3
6.0000,3.0000,0.2000,0.0759,0.0000,0.2513,0.0000,0.6071,1
8.0000,3.0000,0.2000,0.0541,0.0000,0.7582,0.0000,0.6071,2
2.0000,3.0000,0.2000,0.0948,0.2642,0.0021,0.0000,0.6071,3
8.0000,4.0000,0.2000,0.0904,0.0000,0.0517,0.0000,0.6071,1
7.0000,4.0000,0.2000,0.0539,0.0000,0.7645,0.0000,0.6071,2
6.0000,4.0000,0.2000,0.0948,0.2407,0.0021,0.0000,0.6071,3
5.0000,5.0000,0.2000,0.0905,0.0000,0.0496,0.0000,0.6071,1
8.0000,5.0000,0.2000,0.0543,0.0000,0.7497,0.0000,0.6071,2
6.0000,5.0000,0.2000,0.0948,0.2545,0.0021,0.0000,0.6071,3
6.0000,6.0000,0.2000,0.0820,0.0000,0.1595,0.0000,0.6071,1
7.0000,6.0000,0.2000,0.0536,0.0000,0.7740,0.0000,0.6071,2
2.0000,6.0000,0.2000,0.0992,0.3393,-0.0422,0.0000,0.6071,3
7.0000,7.0000,0.2000,0.0750,0.0000,0.2672,0.0000,0.6071,1
9.0000,7.0000,0.2000,0.0555,0.0000,0.7117,0.0000,0.6071,2
5.0000,7.0000,0.2000,0.0948,0.2982,0.0021,0.0000,0.6071,3
7.0000,8.0000,0.2000,0.0848,0.0000,0.1204,0.0000,0.6071,1
6.0000,8.0000,0.2000,0.0503,0.0000,0.8902,0.0000,0.6071,2
4.0000,8.0000,0.2000,0.0948,0.2759,0.0021,0.0000,0.6071,3
6.0000,9.0000,0.2000,0.0836,0.0000,0.1362,0.0000,0.6071,1
7.0000,9.0000,0.2000,0.0539,0.0000,0.7624,0.0000,0.6071,2
2.0000,9.0000,0.2000,0.0948,0.3729,0.0021,0.0000,0.6071,3
6.0000,1.0000,0.2000,0.0782,0.0000,0.2154,0.0000,0.6071,1
5.0000,1.0000,0.2000,0.0559,0.0000,0.7001,0.0000,0.6071,2
2.0000,1.0000,0.2000,0.0992,0.2745,-0.0422,0.0000,0.6071,3
7.0000,2.0000,0.2000,0.0938,0.0000,0.0127,0.0000,0.6071,1
7.0000,2.0000,0.2000,0.0580,0.0000,0.6399,0.0000,0.6071,2
6.0000,2.0000,0.2000,0.0948,0.2308,0.0021,0.0000,0.6071,3
5.0000,3.0000,0.2000,0.0703,0.0000,0.3527,0.0000,0.6071,1
7.0000,3.0000,0.2000,0.0522,0.0000,0.8194,0.0000,0.6071,2
2.0000,3.0000,0.2000,0.0948,0.3019,0.0021,0.0000,0.6071,3
5.0000,4.0000,0.2000,0.0677,0.0000,0.4034,0.0000,0.6071,1
8.0000,4.0000,0.2000,0.0534,0.0000,0.7782,0.0000,0.6071,2
6.0000,4.0000,0.2000,0.0948,0.2778,0.0021,0.0000,0.6071,3
5.0000,5.0000,0.2000,0.0939,0.0000,0.0116,0.0000,0.6071,1
5.0000,5.0000,0.2000,0.0585,0.0000,0.6241,0.0000,0.6071,2
5.0000,5.0000,0.2000,0.0948,0.2727,0.0021,0.0000,0.6071,3
6.0000,6.0000,0.2000,0.0759,0.0000,0.2513,0.0000,0.6071,1
5.0000,6.0000,0.2000,0.0606,0.0000,0.5692,0.0000,0.6071,2
2.0000,6.0000,0.2000,0.0948,0.3036,0.0021,0.0000,0.6071,3
5.0000,7.0000,0.2000,0.0848,0.0000,0.1204,0.0000,0.6071,1
8.0000,7.0000,0.2000,0.0473,0.0000,1.0095,0.0000,0.6071,2
5.0000,7.0000,0.2000,0.0992,0.2982,-0.0422,0.0000,0.6071,3
6.0000,8.0000,0.2000,0.0848,0.0000,0.1204,0.0000,0.6071,1
8.0000,8.0000,0.2000,0.0531,0.0000,0.7909,0.0000,0.6071,2
3.0000,8.0000,0.2000,0.0948,0.3793,0.0021,0.0000,0.6071,3
7.0000,9.0000,0.2000,0.0691,0.0000,0.3749,0.0000,0.6071,1
8.0000,9.0000,0.2000,0.0557,0.0000,0.7054,0.0000,0.6071,2
4.0000,9.0000,0.2000,0.0948,0.2881,0.0021,0.0000,0.6071,3
5.0000,1.0000,0.2000,0.0677,0.0000,0.4034,0.0000,0.6071,1
9.0000,1.0000,0.2000,0.0557,0.0000,0.7054,0.0000,0.6071,2
5.0000,1.0000,0.2000,0.0948,0.1961,0.0021,0.0000,0.6071,3
6.0000,2.0000,0.2000,0.0846,0.0000,0.1235,0.0000,0.6071,1
9.0000,2.0000,0.2000,0.0553,0.0000,0.7181,0.0000,0.6071,2
6.0000,2.0000,0.2000,0.0948,0.2500,0.0021,0.0000,0.6071,3
7.0000,3.0000,0.2000,0.0938,0.0000,0.0127,0.0000,0.6071,1
7.0000,3.0000,0.2000,0.0539,0.0000,0.7624,0.0000,0.6071,2
6.0000,3.0000,0.2000,0.0948,0.2264,0.0021,0.0000,0.6071,3
5.0000,4.0000,0.2000,0.0905,0.0000,0.0496,0.0000,0.6071,1
6.0000,4.0000,0.2000,0.0592,0.0000,0.6040,0.0000,0.6071,2
4.0000,4.0000,0.2000,0.0992,0.2593,-0.0422,0.0000,0.6071,3
3.0000,5.0000,0.2000,0.0748,0.0000,0.2703,0.0000,0.6071,1
8.0000,5.0000,0.2000,0.0518,0.0000,0.8342,0.0000,0.6071,2
5.0000,5.0000,0.2000,0.0948,0.2364,0.0021,0.0000,0.6071,3
6.0000,6.0000,0.2000,0.0801,0.0000,0.1869,0.0000,0.6071,1
8.0000,6.0000,0.2000,0.0528,0.0000,0.7994,0.0000,0.6071,2
5.0000,6.0000,0.2000,0.0948,0.2500,0.0021,0.0000,0.6071,3
4.0000,7.0000,0.2000,0.0847,0.0000,0.1214,0.0000,0.6071,1
10.0000,7.0000,0.2000,0.0592,0.0000,0.6040,0.0000,0.6071,2
5.0000,7.0000,0.2000,0.0948,0.2456,0.0021,0.0000,0.6071,3
6.0000,8.0000,0.2000,0.0750,0.0000,0.2672,0.0000,0.6071,1
7.0000,8.0000,0.2000,0.0697,0.0000,0.3633,0.0000,0.6071,2
5.0000,8.0000,0.2000,0.0948,0.2931,0.0021,0.0000,0.6071,3
7.0000,9.0000,0.2000,0.0772,0.0000,0.2313,0.0000,0.6071,1
8.0000,9.0000,0.2000,0.0511,0.0000,0.8596,0.0000,0.6071,2
6.0000,9.0000,0.2000,0.0948,0.3051,0.0021,0.0000,0.6071,3
8.0000,1.0000,0.2000,0.0822,0.0000,0.1563,0.0000,0.6071,1
7.0000,1.0000,0.2000,0.0538,0.0000,0.7677,0.0000,0.6071,2
6.0000,1.0000,0.2000,0.0948,0.1569,0.0021,0.0000,0.6071,3
6.0000,2.0000,0.2000,0.0847,0.0000,0.1225,0.0000,0.6071,1
9.0000,2.0000,0.2000,0.0580,0.0000,0.6399,0.0000,0.6071,2
7.0000,2.0000,0.2000,0.0948,0.2115,0.0021,0.0000,0.6071,3
6.0000,3.0000,0.2000,0.0948,0.0000,0.0021,0.0000,0.6071,1
8.0000,3.0000,0.2000,0.0646,0.0000,0.4720,0.0000,0.6071,2
6.0000,3.0000,0.2000,0.0948,0.2453,0.0021,0.0000,0.6071,3
8.0000,4.0000,0.2000,0.0822,0.0000,0.1563,0.0000,0.6071,1
9.0000,4.0000,0.2000,0.0574,0.0000,0.6547,0.0000,0.6071,2
6.0000,4.0000,0.2000,0.0948,0.2407,0.0021,0.0000,0.6071,3
7.0000,5.0000,0.2000,0.0759,0.0000,0.2513,0.0000,0.6071,1
7.0000,5.0000,0.2000,0.0568,0.0000,0.6737,0.0000,0.6071,2
7.0000,5.0000,0.2000,0.0948,0.2727,0.0021,0.0000,0.6071,3
8.0000,6.0000,0.2000,0.0805,0.0000,0.1806,0.0000,0.6071,1
6.0000,6.0000,0.2000,0.0633,0.0000,0.5016,0.0000,0.6071,2
5.0000,6.0000,0.2000,0.0948,0.2857,0.0021,0.0000,0.6071,3
8.0000,7.0000,0.2000,0.0772,0.0000,0.2313,0.0000,0.6071,1
9.0000,7.0000,0.2000,0.0497,0.0000,0.9124,0.0000,0.6071,2
7.0000,7.0000,0.2000,0.0948,0.2807,0.0021,0.0000,0.6071,3
7.0000,8.0000,0.2000,0.0713,0.0000,0.3337,0.0000,0.6071,1
9.0000,8.0000,0.2000,0.0535,0.0000,0.7751,0.0000,0.6071,2
7.0000,8.0000,0.2000,0.0948,0.3103,0.0021,0.0000,0.6071,3
7.0000,9.0000,0.2000,0.0589,0.0000,0.6135,0.0000,0.6071,1
8.0000,9.0000,0.2000,0.0561,0.0000,0.6938,0.0000,0.6071,2
6.0000,9.0000,0.2000,0.0948,0.3220,0.0021,0.0000,0.6071,3
12.0000,1.0000,0.2000,0.0778,0.0000,0.2218,0.0000,0.6071,1
12.0000,1.0000,0.2000,0.0534,0.0000,0.7782,0.0000,0.6071,2
11.0000,1.0000,0.2000,0.0944,0.2353,0.0063,0.0000,0.6071,3
14.0000,2.0000,0.2000,0.0902,0.0000,0.0539,0.0000,0.6071,1
11.0000,2.0000,0.2000,0.0566,0.0000,0.6790,0.0000,0.6071,2
12.0000,2.0000,0.2000,0.0989,0.2308,-0.0391,0.0000,0.6071,3
13.0000,3.0000,0.2000,0.0846,0.0000,0.1235,0.0000,0.6071,1
15.0000,3.0000,0.2000,0.0540,0.0000,0.7592,0.0000,0.6071,2
9.0000,3.0000,0.2000,0.0989,0.3019,-0.0391,0.0000,0.6071,3
13.0000,4.0000,0.2000,0.0944,0.0000,0.0063,0.0000,0.6071,1
14.0000,4.0000,0.2000,0.0589,0.0000,0.6135,0.0000,0.6071,2
12.0000,4.0000,0.2000,0.0944,0.2037,0.0063,0.0000,0.6071,3
12.0000,5.0000,0.2000,0.0881,0.0000,0.0781,0.0000,0.6071,1
15.0000,5.0000,0.2000,0.0451,0.0000,1.1077,0.0000,0.6071,2
13.0000,5.0000,0.2000,0.0944,0.2909,0.0063,0.0000,0.6071,3
11.0000,6.0000,0.2000,0.0733,0.0000,0.2967,0.0000,0.6071,1
14.0000,6.0000,0.2000,0.0681,0.0000,0.3960,0.0000,0.6071,2
12.0000,6.0000,0.2000,0.0944,0.2321,0.0063,0.0000,0.6071,3
12.0000,7.0000,0.2000,0.0750,0.0000,0.2672,0.0000,0.6071,1
19.0000,7.0000,0.2000,0.0617,0.0000,0.5407,0.0000,0.6071,2
11.0000,7.0000,0.2000,0.0944,0.3333,0.0063,0.0000,0.6071,3
13.0000,8.0000,0.2000,0.0845,0.0000,0.1246,0.0000,0.6071,1
15.0000,8.0000,0.2000,0.0454,0.0000,1.0919,0.0000,0.6071,2
12.0000,8.0000,0.2000,0.0944,0.2586,0.0063,0.0000,0.6071,3
14.0000,9.0000,0.2000,0.0691,0.0000,0.3749,0.0000,0.6071,1
10.0000,9.0000,0.2000,0.0570,0.0000,0.6674,0.0000,0.6071,2
10.0000,9.0000,0.2000,0.0989,0.3220,-0.0391,0.0000,0.6071,3
14.0000,1.0000,0.2000,0.0935,0.0000,0.0169,0.0000,0.6071,1
15.0000,1.0000,0.2000,0.0517,0.0000,0.8374,0.0000,0.6071,2
12.0000,1.0000,0.2000,0.0944,0.2549,0.0063,0.0000,0.6071,3
12.0000,2.0000,0.2000,0.0798,0.0000,0.1911,0.0000,0.6071,1
14.0000,2.0000,0.2000,0.0589,0.0000,0.6135,0.0000,0.6071,2
12.0000,2.0000,0.2000,0.0944,0.2692,0.0063,0.0000,0.6071,3
14.0000,3.0000,0.2000,0.0935,0.0000,0.0169,0.0000,0.6071,1
16.0000,3.0000,0.2000,0.0640,0.0000,0.4847,0.0000,0.6071,2
11.0000,3.0000,0.2000,0.0944,0.2075,0.0063,0.0000,0.6071,3
14.0000,4.0000,0.2000,0.0902,0.0000,0.0539,0.0000,0.6071,1
13.0000,4.0000,0.2000,0.0705,0.0000,0.3474,0.0000,0.6071,2
10.0000,4.0000,0.2000,0.0944,0.2778,0.0063,0.0000,0.6071,3
14.0000,5.0000,0.2000,0.0820,0.0000,0.1595,0.0000,0.6071,1
16.0000,5.0000,0.2000,0.0523,0.0000,0.8184,0.0000,0.6071,2
11.0000,5.0000,0.2000,0.0944,0.2727,0.0063,0.0000,0.6071,3
12.0000,6.0000,0.2000,0.0845,0.0000,0.1246,0.0000,0.6071,1
14.0000,6.0000,0.2000,0.0488,0.0000,0.9483,0.0000,0.6071,2
13.0000,6.0000,0.2000,0.0944,0.2679,0.0063,0.0000,0.6071,3
13.0000,7.0000,0.2000,0.0845,0.0000,0.1246,0.0000,0.6071,1
15.0000,7.0000,0.2000,0.0454,0.0000,1.0919,0.0000,0.6071,2
12.0000,7.0000,0.2000,0.0944,0.3333,0.0063,0.0000,0.6071,3
12.0000,8.0000,0.2000,0.0758,0.0000,0.2545,0.0000,0.6071,1
14.0000,8.0000,0.2000,0.0505,0.0000,0.8807,0.0000,0.6071,2
12.0000,8.0000,0.2000,0.0944,0.3103,0.0063,0.0000,0.6071,3
13.0000,9.0000,0.2000,0.0836,0.0000,0.1362,0.0000,0.6071,1
14.0000,9.0000,0.2000,0.0692,0.0000,0.3738,0.0000,0.6071,2
13.0000,9.0000,0.2000,0.0944,0.3390,0.0063,0.0000,0.6071,3
2.0000,1.0000,0.3000,0.0756,0.0000,0.2566,0.0000,1.1429,1
2.0000,1.0000,0.3000,0.0498,0.0000,0.9071,0.0000,1.1429,2
2.0000,1.0000,0.3000,0.0992,0.2941,-0.0422,0.0000,1.1429,3
2.0000,2.0000,0.3000,0.0756,0.0000,0.2566,0.0000,1.1429,1
1.0000,2.0000,0.3000,0.0443,0.0000,1.1447,0.0000,1.1429,2
2.0000,2.0000,0.3000,0.0992,0.3269,-0.0422,0.0000,1.1429,3
2.0000,3.0000,0.3000,0.0888,0.0000,0.0707,0.0000,1.1429,1
3.0000,3.0000,0.3000,0.0485,0.0000,0.9609,0.0000,1.1429,2
1.0000,3.0000,0.3000,0.0950,0.3962,0.0000,0.0000,1.1429,3
2.0000,4.0000,0.3000,0.0703,0.0000,0.3527,0.0000,1.1429,1
2.0000,4.0000,0.3000,0.0537,0.0000,0.7687,0.0000,1.1429,2
1.0000,4.0000,0.3000,0.0992,0.4074,-0.0422,0.0000,1.1429,3
3.0000,5.0000,0.3000,0.0787,0.0000,0.2080,0.0000,1.1429,1
2.0000,5.0000,0.3000,0.0468,0.0000,1.0327,0.0000,1.1429,2
2.0000,5.0000,0.3000,0.0950,0.3818,0.0000,0.0000,1.1429,3
3.0000,6.0000,0.3000,0.0719,0.0000,0.3210,0.0000,1.1429,1
3.0000,6.0000,0.3000,0.0466,0.0000,1.0412,0.0000,1.1429,2
2.0000,6.0000,0.3000,0.0950,0.3750,0.0000,0.0000,1.1429,3
2.0000,7.0000,0.3000,0.0750,0.0000,0.2672,0.0000,1.1429,1
2.0000,7.0000,0.3000,0.0539,0.0000,0.7635,0.0000,1.1429,2
2.0000,7.0000,0.3000,0.0992,0.3684,-0.0422,0.0000,1.1429,3
1.0000,8.0000,0.3000,0.0716,0.0000,0.3273,0.0000,1.1429,1
2.0000,8.0000,0.3000,0.0564,0.0000,0.6853,0.0000,1.1429,2
2.0000,8.0000,0.3000,0.0950,0.3793,0.0000,0.0000,1.1429,3
3.0000,9.0000,0.3000,0.0691,0.0000,0.3749,0.0000,1.1429,1
1.0000,9.0000,0.3000,0.0513,0.0000,0.8511,0.0000,1.1429,2
1.0000,9.0000,0.3000,0.1050,0.3559,-0.0950,0.0000,1.1429,3
4.0000,1.0000,0.3000,0.0729,0.0000,0.3041,0.0000,1.1429,1
4.0000,1.0000,0.3000,0.0424,0.0000,1.2439,0.0000,1.1429,2
3.0000,1.0000,0.3000,0.0992,0.3333,-0.0422,0.0000,1.1429,3
3.0000,2.0000,0.3000,0.0661,0.0000,0.4372,0.0000,1.1429,1
4.0000,2.0000,0.3000,0.0359,0.0000,1.6441,0.0000,1.1429,2
4.0000,2.0000,0.3000,0.0948,0.3077,0.0021,0.0000,1.1429,3
3.0000,3.0000,0.3000,0.0580,0.0000,0.6399,0.0000,1.1429,1
5.0000,3.0000,0.3000,0.0542,0.0000,0.7518,0.0000,1.1429,2
4.0000,3.0000,0.3000,0.0948,0.3019,0.0021,0.0000,1.1429,3
4.0000,4.0000,0.3000,0.0804,0.0000,0.1827,0.0000,1.1429,1
3.0000,4.0000,0.3000,0.0611,0.0000,0.5544,0.0000,1.1429,2
4.0000,4.0000,0.3000,0.0948,0.3148,0.0021,0.0000,1.1429,3
5.0000,5.0000,0.3000,0.0783,0.0000,0.2144,0.0000,1.1429,1
4.0000,5.0000,0.3000,0.0436,0.0000,1.1806,0.0000,1.1429,2
3.0000,5.0000,0.3000,0.0992,0.3636,-0.0422,0.0000,1.1429,3
4.0000,6.0000,0.3000,0.0804,0.0000,0.1827,0.0000,1.1429,1
7.0000,6.0000,0.3000,0.0361,0.0000,1.6315,0.0000,1.1429,2
4.0000,6.0000,0.3000,0.0948,0.3571,0.0021,0.0000,1.1429,3
4.0000,7.0000,0.3000,0.0750,0.0000,0.2672,0.0000,1.1429,1
4.0000,7.0000,0.3000,0.0540,0.0000,0.7603,0.0000,1.1429,2
4.0000,7.0000,0.3000,0.0948,0.3684,0.0021,0.0000,1.1429,3
4.0000,8.0000,0.3000,0.0750,0.0000,0.2672,0.0000,1.1429,1
4.0000,8.0000,0.3000,0.0463,0.0000,1.0517,0.0000,1.1429,2
1.0000,8.0000,0.3000,0.0948,0.4138,0.0021,0.0000,1.1429,3
4.0000,9.0000,0.3000,0.0836,0.0000,0.1362,0.0000,1.1429,1
4.0000,9.0000,0.3000,0.0529,0.0000,0.7973,0.0000,1.1429,2
1.0000,9.0000,0.3000,0.0992,0.4407,-0.0422,0.0000,1.1429,3
2.0000,1.0000,0.3000,0.0618,0.0000,0.5375,0.0000,1.1429,1
5.0000,1.0000,0.3000,0.0527,0.0000,0.8025,0.0000,1.1429,2
2.0000,1.0000,0.3000,0.0948,0.3725,0.0021,0.0000,1.1429,3
4.0000,2.0000,0.3000,0.0849,0.0000,0.1193,0.0000,1.1429,1
4.0000,2.0000,0.3000,0.0484,0.0000,0.9630,0.0000,1.1429,2
3.0000,2.0000,0.3000,0.0948,0.2692,0.0021,0.0000,1.1429,3
4.0000,3.0000,0.3000,0.0909,0.0000,0.0454,0.0000,1.1429,1
6.0000,3.0000,0.3000,0.0629,0.0000,0.5100,0.0000,1.1429,2
4.0000,3.0000,0.3000,0.0948,0.3396,0.0021,0.0000,1.1429,3
4.0000,4.0000,0.3000,0.0831,0.0000,0.1436,0.0000,1.1429,1
6.0000,4.0000,0.3000,0.0501,0.0000,0.8965,0.0000,1.1429,2
2.0000,4.0000,0.3000,0.0948,0.4074,0.0021,0.0000,1.1429,3
4.0000,5.0000,0.3000,0.0762,0.0000,0.2471,0.0000,1.1429,1
4.0000,5.0000,0.3000,0.0396,0.0000,1.4023,0.0000,1.1429,2
0.0000,5.0000,0.3000,0.1050,0.3818,-0.0950,0.0000,1.1429,3
6.0000,6.0000,0.3000,0.0826,0.0000,0.1510,0.0000,1.1429,1
6.0000,6.0000,0.3000,0.0566,0.0000,0.6790,0.0000,1.1429,2
3.0000,6.0000,0.3000,0.0948,0.3393,0.0021,0.0000,1.1429,3
3.0000,7.0000,0.3000,0.0750,0.0000,0.2672,0.0000,1.1429,1
3.0000,7.0000,0.3000,0.0553,0.0000,0.7181,0.0000,1.1429,2
3.0000,7.0000,0.3000,0.0992,0.3684,-0.0422,0.0000,1.1429,3
2.0000,8.0000,0.3000,0.0520,0.0000,0.8289,0.0000,1.1429,1
4.0000,8.0000,0.3000,0.0425,0.0000,1.2386,0.0000,1.1429,2
3.0000,8.0000,0.3000,0.0948,0.3448,0.0021,0.0000,1.1429,3
5.0000,9.0000,0.3000,0.0715,0.0000,0.3295,0.0000,1.1429,1
4.0000,9.0000,0.3000,0.0415,0.0000,1.2893,0.0000,1.1429,2
3.0000,9.0000,0.3000,0.0948,0.3559,0.0021,0.0000,1.1429,3
5.0000,1.0000,0.3000,0.0948,0.0000,0.0021,0.0000,1.1429,1
8.0000,1.0000,0.3000,0.0515,0.0000,0.8458,0.0000,1.1429,2
5.0000,1.0000,0.3000,0.0948,0.3137,0.0021,0.0000,1.1429,3
5.0000,2.0000,0.3000,0.0847,0.0000,0.1225,0.0000,1.1429,1
5.0000,2.0000,0.3000,0.0630,0.0000,0.5079,0.0000,1.1429,2
4.0000,2.0000,0.3000,0.0948,0.2692,0.0021,0.0000,1.1429,3
4.0000,3.0000,0.3000,0.0744,0.0000,0.2777,0.0000,1.1429,1
7.0000,3.0000,0.3000,0.0410,0.0000,1.3200,0.0000,1.1429,2
6.0000,3.0000,0.3000,0.0948,0.3019,0.0021,0.0000,1.1429,3
7.0000,4.0000,0.3000,0.0820,0.0000,0.1584,0.0000,1.1429,1
2.0000,4.0000,0.3000,0.0505,0.0000,0.8817,0.0000,1.1429,2
5.0000,4.0000,0.3000,0.0948,0.3519,0.0021,0.0000,1.1429,3
7.0000,5.0000,0.3000,0.0831,0.0000,0.1436,0.0000,1.1429,1
5.0000,5.0000,0.3000,0.0444,0.0000,1.1415,0.0000,1.1429,2
6.0000,5.0000,0.3000,0.0948,0.3636,0.0021,0.0000,1.1429,3
6.0000,6.0000,0.3000,0.0831,0.0000,0.1436,0.0000,1.1429,1
7.0000,6.0000,0.3000,0.0428,0.0000,1.2228,0.0000,1.1429,2
2.0000,6.0000,0.3000,0.0948,0.4107,0.0021,0.0000,1.1429,3
5.0000,7.0000,0.3000,0.0580,0.0000,0.6399,0.0000,1.1429,1
6.0000,7.0000,0.3000,0.0452,0.0000,1.1024,0.0000,1.1429,2
4.0000,7.0000,0.3000,0.1050,0.3333,-0.0950,0.0000,1.1429,3
5.0000,8.0000,0.3000,0.0562,0.0000,0.6917,0.0000,1.1429,1
8.0000,8.0000,0.3000,0.0491,0.0000,0.9345,0.0000,1.1429,2
5.0000,8.0000,0.3000,0.0992,0.3966,-0.0422,0.0000,1.1429,3
5.0000,9.0000,0.3000,0.0691,0.0000,0.3749,0.0000,1.1429,1
4.0000,9.0000,0.3000,0.0425,0.0000,1.2344,0.0000,1.1429,2
6.0000,9.0000,0.3000,0.0948,0.4068,0.0021,0.0000,1.1429,3
6.0000,1.0000,0.3000,0.0884,0.0000,0.0750,0.0000,1.1429,1
8.0000,1.0000,0.3000,0.0560,0.0000,0.6980,0.0000,1.1429,2
5.0000,1.0000,0.3000,0.0948,0.2941,0.0021,0.0000,1.1429,3
6.0000,2.0000,0.3000,0.0884,0.0000,0.0750,0.0000,1.1429,1
6.0000,2.0000,0.3000,0.0441,0.0000,1.1542,0.0000,1.1429,2
3.0000,2.0000,0.3000,0.0948,0.3654,0.0021,0.0000,1.1429,3
5.0000,3.0000,0.3000,0.0874,0.0000,0.0876,0.0000,1.1429,1
3.0000,3.0000,0.3000,0.0484,0.0000,0.9652,0.0000,1.1429,2
4.0000,3.0000,0.3000,0.0992,0.3396,-0.0422,0.0000,1.1429,3
6.0000,4.0000,0.3000,0.0759,0.0000,0.2513,0.0000,1.1429,1
8.0000,4.0000,0.3000,0.0516,0.0000,0.8427,0.0000,1.1429,2
6.0000,4.0000,0.3000,0.0948,0.3148,0.0021,0.0000,1.1429,3
4.0000,5.0000,0.3000,0.0631,0.0000,0.5069,0.0000,1.1429,1
5.0000,5.0000,0.3000,0.0499,0.0000,0.9039,0.0000,1.1429,2
5.0000,5.0000,0.3000,0.0948,0.3455,0.0021,0.0000,1.1429,3
4.0000,6.0000,0.3000,0.0631,0.0000,0.5069,0.0000,1.1429,1
6.0000,6.0000,0.3000,0.0541,0.0000,0.7582,0.0000,1.1429,2
5.0000,6.0000,0.3000,0.0948,0.3214,0.0021,0.0000,1.1429,3
5.0000,7.0000,0.3000,0.0580,0.0000,0.6399,0.0000,1.1429,1
10.0000,7.0000,0.3000,0.0427,0.0000,1.2260,0.0000,1.1429,2
4.0000,7.0000,0.3000,0.0992,0.3860,-0.0422,0.0000,1.1429,3
5.0000,8.0000,0.3000,0.0750,0.0000,0.2672,0.0000,1.1429,1
9.0000,8.0000,0.3000,0.0419,0.0000,1.2682,0.0000,1.1429,2
2.0000,8.0000,0.3000,0.0948,0.3966,0.0021,0.0000,1.1429,3
6.0000,9.0000,0.3000,0.0691,0.0000,0.3749,0.0000,1.1429,1
5.0000,9.0000,0.3000,0.0531,0.0000,0.7899,0.0000,1.1429,2
3.0000,9.0000,0.3000,0.0948,0.4407,0.0021,0.0000,1.1429,3
3.0000,1.0000,0.3000,0.0587,0.0000,0.6188,0.0000,1.1429,1
10.0000,1.0000,0.3000,0.0453,0.0000,1.0971,0.0000,1.1429,2
2.0000,1.0000,0.3000,0.0948,0.3333,0.0021,0.0000,1.1429,3
6.0000,2.0000,0.3000,0.0759,0.0000,0.2513,0.0000,1.1429,1
5.0000,2.0000,0.3000,0.0553,0.0000,0.7181,0.0000,1.1429,2
5.0000,2.0000,0.3000,0.0992,0.3077,-0.0422,0.0000,1.1429,3
5.0000,3.0000,0.3000,0.0580,0.0000,0.6399,0.0000,1.1429,1
7.0000,3.0000,0.3000,0.0599,0.0000,0.5871,0.0000,1.1429,2
5.0000,3.0000,0.3000,0.0948,0.3208,0.0021,0.0000,1.1429,3
6.0000,4.0000,0.3000,0.0904,0.0000,0.0517,0.0000,1.1429,1
8.0000,4.0000,0.3000,0.0540,0.0000,0.7603,0.0000,1.1429,2
6.0000,4.0000,0.3000,0.0948,0.3704,0.0021,0.0000,1.1429,3
5.0000,5.0000,0.3000,0.0847,0.0000,0.1225,0.0000,1.1429,1
7.0000,5.0000,0.3000,0.0549,0.0000,0.7318,0.0000,1.1429,2
6.0000,5.0000,0.3000,0.0948,0.3636,0.0021,0.0000,1.1429,3
4.0000,6.0000,0.3000,0.0736,0.0000,0.2904,0.0000,1.1429,1
3.0000,6.0000,0.3000,0.0512,0.0000,0.8574,0.0000,1.1429,2
6.0000,6.0000,0.3000,0.0948,0.3750,0.0021,0.0000,1.1429,3
6.0000,7.0000,0.3000,0.0750,0.0000,0.2672,0.0000,1.1429,1
8.0000,7.0000,0.3000,0.0531,0.0000,0.7909,0.0000,1.1429,2
5.0000,7.0000,0.3000,0.0992,0.3860,-0.0422,0.0000,1.1429,3
6.0000,8.0000,0.3000,0.0750,0.0000,0.2672,0.0000,1.1429,1
7.0000,8.0000,0.3000,0.0578,0.0000,0.6441,0.0000,1.1429,2
2.0000,8.0000,0.3000,0.0992,0.4655,-0.0422,0.0000,1.1429,3
3.0000,9.0000,0.3000,0.0599,0.0000,0.5871,0.0000,1.1429,1
8.0000,9.0000,0.3000,0.0492,0.0000,0.9314,0.0000,1.1429,2
5.0000,9.0000,0.3000,0.0948,0.3559,0.0021,0.0000,1.1429,3
7.0000,1.0000,0.3000,0.0693,0.0000,0.3717,0.0000,1.1429,1
8.0000,1.0000,0.3000,0.0531,0.0000,0.7909,0.0000,1.1429,2
3.0000,1.0000,0.3000,0.0948,0.3529,0.0021,0.0000,1.1429,3
6.0000,2.0000,0.3000,0.0588,0.0000,0.6167,0.0000,1.1429,1
7.0000,2.0000,0.3000,0.0398,0.0000,1.3886,0.0000,1.1429,2
5.0000,2.0000,0.3000,0.0948,0.2885,0.0021,0.0000,1.1429,3
7.0000,3.0000,0.3000,0.0759,0.0000,0.2513,0.0000,1.1429,1
9.0000,3.0000,0.3000,0.0465,0.0000,1.0422,0.0000,1.1429,2
3.0000,3.0000,0.3000,0.0948,0.3774,0.0021,0.0000,1.1429,3
7.0000,4.0000,0.3000,0.0759,0.0000,0.2513,0.0000,1.1429,1
8.0000,4.0000,0.3000,0.0464,0.0000,1.0486,0.0000,1.1429,2
6.0000,4.0000,0.3000,0.0948,0.3704,0.0021,0.0000,1.1429,3
3.0000,5.0000,0.3000,0.0604,0.0000,0.5734,0.0000,1.1429,1
10.0000,5.0000,0.3000,0.0410,0.0000,1.3200,0.0000,1.1429,2
4.0000,5.0000,0.3000,0.1084,0.3273,-0.1235,0.0000,1.1429,3
7.0000,6.0000,0.3000,0.0820,0.0000,0.1595,0.0000,1.1429,1
10.0000,6.0000,0.3000,0.0478,0.0000,0.9894,0.0000,1.1429,2
5.0000,6.0000,0.3000,0.0992,0.3750,-0.0422,0.0000,1.1429,3
9.0000,7.0000,0.3000,0.0772,0.0000,0.2313,0.0000,1.1429,1
9.0000,7.0000,0.3000,0.0464,0.0000,1.0465,0.0000,1.1429,2
6.0000,7.0000,0.3000,0.0948,0.3509,0.0021,0.0000,1.1429,3
6.0000,8.0000,0.3000,0.0750,0.0000,0.2672,0.0000,1.1429,1
7.0000,8.0000,0.3000,0.0502,0.0000,0.8923,0.0000,1.1429,2
5.0000,8.0000,0.3000,0.0948,0.3793,0.0021,0.0000,1.1429,3
4.0000,9.0000,0.3000,0.0572,0.0000,0.6621,0.0000,1.1429,1
12.0000,9.0000,0.3000,0.0575,0.0000,0.6515,0.0000,1.1429,2
5.0000,9.0000,0.3000,0.0992,0.3898,-0.0422,0.0000,1.1429,3
12.0000,1.0000,0.3000,0.0758,0.0000,0.2545,0.0000,1.1429,1
12.0000,1.0000,0.3000,0.0449,0.0000,1.1162,0.0000,1.1429,2
12.0000,1.0000,0.3000,0.0944,0.2549,0.0063,0.0000,1.1429,3
11.0000,2.0000,0.3000,0.0702,0.0000,0.3537,0.0000,1.1429,1
11.0000,2.0000,0.3000,0.0583,0.0000,0.6294,0.0000,1.1429,2
11.0000,2.0000,0.3000,0.0944,0.3269,0.0063,0.0000,1.1429,3
12.0000,3.0000,0.3000,0.0880,0.0000,0.0803,0.0000,1.1429,1
12.0000,3.0000,0.3000,0.0463,0.0000,1.0528,0.0000,1.1429,2
8.0000,3.0000,0.3000,0.0989,0.3396,-0.0391,0.0000,1.1429,3
10.0000,4.0000,0.3000,0.0691,0.0000,0.3749,0.0000,1.1429,1
15.0000,4.0000,0.3000,0.0464,0.0000,1.0465,0.0000,1.1429,2
12.0000,4.0000,0.3000,0.0944,0.3333,0.0063,0.0000,1.1429,3
13.0000,5.0000,0.3000,0.0780,0.0000,0.2186,0.0000,1.1429,1
12.0000,5.0000,0.3000,0.0658,0.0000,0.4435,0.0000,1.1429,2
11.0000,5.0000,0.3000,0.0944,0.4000,0.0063,0.0000,1.1429,3
12.0000,6.0000,0.3000,0.0733,0.0000,0.2967,0.0000,1.1429,1
14.0000,6.0000,0.3000,0.0444,0.0000,1.1415,0.0000,1.1429,2
12.0000,6.0000,0.3000,0.0944,0.3393,0.0063,0.0000,1.1429,3
11.0000,7.0000,0.3000,0.0612,0.0000,0.5523,0.0000,1.1429,1
11.0000,7.0000,0.3000,0.0484,0.0000,0.9620,0.0000,1.1429,2
9.0000,7.0000,0.3000,0.0989,0.4035,-0.0391,0.0000,1.1429,3
9.0000,8.0000,0.3000,0.0578,0.0000,0.6431,0.0000,1.1429,1
13.0000,8.0000,0.3000,0.0517,0.0000,0.8374,0.0000,1.1429,2
14.0000,8.0000,0.3000,0.0944,0.3621,0.0063,0.0000,1.1429,3
10.0000,9.0000,0.3000,0.0742,0.0000,0.2809,0.0000,1.1429,1
15.0000,9.0000,0.3000,0.0574,0.0000,0.6547,0.0000,1.1429,2
10.0000,9.0000,0.3000,0.0944,0.3898,0.0063,0.0000,1.1429,3
10.0000,1.0000,0.3000,0.0678,0.0000,0.4013,0.0000,1.1429,1
15.0000,1.0000,0.3000,0.0452,0.0000,1.1045,0.0000,1.1429,2
11.0000,1.0000,0.3000,0.0944,0.2941,0.0063,0.0000,1.1429,3
11.0000,2.0000,0.3000,0.0754,0.0000,0.2608,0.0000,1.1429,1
15.0000,2.0000,0.3000,0.0437,0.0000,1.1732,0.0000,1.1429,2
8.0000,2.0000,0.3000,0.0944,0.3462,0.0063,0.0000,1.1429,3
12.0000,3.0000,0.3000,0.0798,0.0000,0.1911,0.0000,1.1429,1
16.0000,3.0000,0.3000,0.0539,0.0000,0.7624,0.0000,1.1429,2
11.0000,3.0000,0.3000,0.0989,0.3585,-0.0391,0.0000,1.1429,3
10.0000,4.0000,0.3000,0.0578,0.0000,0.6452,0.0000,1.1429,1
12.0000,4.0000,0.3000,0.0507,0.0000,0.8743,0.0000,1.1429,2
12.0000,4.0000,0.3000,0.0944,0.2963,0.0063,0.0000,1.1429,3
14.0000,5.0000,0.3000,0.0829,0.0000,0.1468,0.0000,1.1429,1
14.0000,5.0000,0.3000,0.0615,0.0000,0.5459,0.0000,1.1429,2
10.0000,5.0000,0.3000,0.0944,0.3455,0.0063,0.0000,1.1429,3
12.0000,6.0000,0.3000,0.0736,0.0000,0.2904,0.0000,1.1429,1
13.0000,6.0000,0.3000,0.0468,0.0000,1.0317,0.0000,1.1429,2
11.0000,6.0000,0.3000,0.0989,0.3571,-0.0391,0.0000,1.1429,3
14.0000,7.0000,0.3000,0.0750,0.0000,0.2672,0.0000,1.1429,1
15.0000,7.0000,0.3000,0.0445,0.0000,1.1373,0.0000,1.1429,2
12.0000,7.0000,0.3000,0.0944,0.3333,0.0063,0.0000,1.1429,3
10.0000,8.0000,0.3000,0.0578,0.0000,0.6431,0.0000,1.1429,1
16.0000,8.0000,0.3000,0.0512,0.0000,0.8564,0.0000,1.1429,2
13.0000,8.0000,0.3000,0.0944,0.3966,0.0063,0.0000,1.1429,3
10.0000,9.0000,0.3000,0.0542,0.0000,0.7540,0.0000,1.1429,1
12.0000,9.0000,0.3000,0.0496,0.0000,0.9155,0.0000,1.1429,2
12.0000,9.0000,0.3000,0.0944,0.4068,0.0063,0.0000,1.1429,3
4.0000,1.0000,0.4000,0.0589,0.0000,0.6135,0.0000,2.0000,1
2.0000,1.0000,0.4000,0.0396,0.0000,1.3981,0.0000,2.0000,2
0.0000,1.0000,0.4000,0.0950,0.4314,0.0000,0.0000,2.0000,3
4.0000,2.0000,0.4000,0.0589,0.0000,0.6135,0.0000,2.0000,1
4.0000,2.0000,0.4000,0.0472,0.0000,1.0127,0.0000,2.0000,2
1.0000,2.0000,0.4000,0.0950,0.4615,0.0000,0.0000,2.0000,3
2.0000,3.0000,0.4000,0.0680,0.0000,0.3970,0.0000,2.0000,1
2.0000,3.0000,0.4000,0.0441,0.0000,1.1542,0.0000,2.0000,2
0.0000,3.0000,0.4000,0.0950,0.4340,0.0000,0.0000,2.0000,3
3.0000,4.0000,0.4000,0.0719,0.0000,0.3210,0.0000,2.0000,1
4.0000,4.0000,0.4000,0.0416,0.0000,1.2830,0.0000,2.0000,2
1.0000,4.0000,0.4000,0.0950,0.3704,0.0000,0.0000,2.0000,3
2.0000,5.0000,0.4000,0.0717,0.0000,0.3263,0.0000,2.0000,1
2.0000,5.0000,0.4000,0.0455,0.0000,1.0898,0.0000,2.0000,2
1.0000,5.0000,0.4000,0.0950,0.5091,0.0000,0.0000,2.0000,3
3.0000,6.0000,0.4000,0.0689,0.0000,0.3801,0.0000,2.0000,1
2.0000,6.0000,0.4000,0.0408,0.0000,1.3316,0.0000,2.0000,2
1.0000,6.0000,0.4000,0.1084,0.4107,-0.1235,0.0000,2.0000,3
2.0000,7.0000,0.4000,0.0750,0.0000,0.2672,0.0000,2.0000,1
2.0000,7.0000,0.4000,0.0406,0.0000,1.3411,0.0000,2.0000,2
1.0000,7.0000,0.4000,0.1050,0.4386,-0.0950,0.0000,2.0000,3
2.0000,8.0000,0.4000,0.0717,0.0000,0.3263,0.0000,2.0000,1
3.0000,8.0000,0.4000,0.0377,0.0000,1.5227,0.0000,2.0000,2
2.0000,8.0000,0.4000,0.0992,0.4828,-0.0422,0.0000,2.0000,3
1.0000,9.0000,0.4000,0.0508,0.0000,0.8712,0.0000,2.0000,1
3.0000,9.0000,0.4000,0.0291,0.0000,2.2693,0.0000,2.0000,2
1.0000,9.0000,0.4000,0.0950,0.5424,0.0000,0.0000,2.0000,3
4.0000,1.0000,0.4000,0.0838,0.0000,0.1341,0.0000,2.0000,1
4.0000,1.0000,0.4000,0.0417,0.0000,1.2809,0.0000,2.0000,2
4.0000,1.0000,0.4000,0.0948,0.4118,0.0021,0.0000,2.0000,3
5.0000,2.0000,0.4000,0.0719,0.0000,0.3210,0.0000,2.0000,1
4.0000,2.0000,0.4000,0.0398,0.0000,1.3897,0.0000,2.0000,2
2.0000,2.0000,0.4000,0.0948,0.4423,0.0021,0.0000,2.0000,3
4.0000,3.0000,0.4000,0.0650,0.0000,0.4625,0.0000,2.0000,1
3.0000,3.0000,0.4000,0.0442,0.0000,1.1489,0.0000,2.0000,2
3.0000,3.0000,0.4000,0.0948,0.3962,0.0021,0.0000,2.0000,3
4.0000,4.0000,0.4000,0.0804,0.0000,0.1827,0.0000,2.0000,1
4.0000,4.0000,0.4000,0.0472,0.0000,1.0148,0.0000,2.0000,2
2.0000,4.0000,0.4000,0.0948,0.4815,0.0021,0.0000,2.0000,3
4.0000,5.0000,0.4000,0.0729,0.0000,0.3041,0.0000,2.0000,1
6.0000,5.0000,0.4000,0.0460,0.0000,1.0655,0.0000,2.0000,2
2.0000,5.0000,0.4000,0.0948,0.4909,0.0021,0.0000,2.0000,3
2.0000,6.0000,0.4000,0.0715,0.0000,0.3295,0.0000,2.0000,1
4.0000,6.0000,0.4000,0.0414,0.0000,1.2967,0.0000,2.0000,2
4.0000,6.0000,0.4000,0.0948,0.4643,0.0021,0.0000,2.0000,3
3.0000,7.0000,0.4000,0.0453,0.0000,1.0982,0.0000,2.0000,1
4.0000,7.0000,0.4000,0.0322,0.0000,1.9504,0.0000,2.0000,2
3.0000,7.0000,0.4000,0.0992,0.4912,-0.0422,0.0000,2.0000,3
3.0000,8.0000,0.4000,0.0541,0.0000,0.7582,0.0000,2.0000,1
3.0000,8.0000,0.4000,0.0358,0.0000,1.6515,0.0000,2.0000,2
4.0000,8.0000,0.4000,0.0948,0.4655,0.0021,0.0000,2.0000,3
5.0000,9.0000,0.4000,0.0691,0.0000,0.3749,0.0000,2.0000,1
4.0000,9.0000,0.4000,0.0411,0.0000,1.3105,0.0000,2.0000,2
3.0000,9.0000,0.4000,0.0992,0.4746,-0.0422,0.0000,2.0000,3
4.0000,1.0000,0.4000,0.0741,0.0000,0.2819,0.0000,2.0000,1
4.0000,1.0000,0.4000,0.0554,0.0000,0.7149,0.0000,2.0000,2
2.0000,1.0000,0.4000,0.0948,0.4706,0.0021,0.0000,2.0000,3
4.0000,2.0000,0.4000,0.0805,0.0000,0.1806,0.0000,2.0000,1
2.0000,2.0000,0.4000,0.0462,0.0000,1.0560,0.0000,2.0000,2
3.0000,2.0000,0.4000,0.0992,0.3846,-0.0422,0.0000,2.0000,3
5.0000,3.0000,0.4000,0.0655,0.0000,0.4509,0.0000,2.0000,1
6.0000,3.0000,0.4000,0.0504,0.0000,0.8870,0.0000,2.0000,2
3.0000,3.0000,0.4000,0.0948,0.3962,0.0021,0.0000,2.0000,3
2.0000,4.0000,0.4000,0.0640,0.0000,0.4857,0.0000,2.0000,1
5.0000,4.0000,0.4000,0.0414,0.0000,1.2946,0.0000,2.0000,2
4.0000,4.0000,0.4000,0.0948,0.4444,0.0021,0.0000,2.0000,3
2.0000,5.0000,0.4000,0.0640,0.0000,0.4857,0.0000,2.0000,1
4.0000,5.0000,0.4000,0.0503,0.0000,0.8891,0.0000,2.0000,2
4.0000,5.0000,0.4000,0.0948,0.4364,0.0021,0.0000,2.0000,3
5.0000,6.0000,0.4000,0.0719,0.0000,0.3210,0.0000,2.0000,1
4.0000,6.0000,0.4000,0.0491,0.0000,0.9345,0.0000,2.0000,2
1.0000,6.0000,0.4000,0.0992,0.5179,-0.0422,0.0000,2.0000,3
3.0000,7.0000,0.4000,0.0515,0.0000,0.8458,0.0000,2.0000,1
6.0000,7.0000,0.4000,0.0394,0.0000,1.4150,0.0000,2.0000,2
3.0000,7.0000,0.4000,0.0948,0.4386,0.0021,0.0000,2.0000,3
3.0000,8.0000,0.4000,0.0453,0.0000,1.0982,0.0000,2.0000,1
5.0000,8.0000,0.4000,0.0450,0.0000,1.1119,0.0000,2.0000,2
1.0000,8.0000,0.4000,0.0948,0.4828,0.0021,0.0000,2.0000,3
4.0000,9.0000,0.4000,0.0498,0.0000,0.9071,0.0000,2.0000,1
5.0000,9.0000,0.4000,0.0422,0.0000,1.2513,0.0000,2.0000,2
2.0000,9.0000,0.4000,0.1050,0.4407,-0.0950,0.0000,2.0000,3
4.0000,1.0000,0.4000,0.0715,0.0000,0.3295,0.0000,2.0000,1
6.0000,1.0000,0.4000,0.0421,0.0000,1.2577,0.0000,2.0000,2
1.0000,1.0000,0.4000,0.0948,0.4314,0.0021,0.0000,2.0000,3
6.0000,2.0000,0.4000,0.0653,0.0000,0.4562,0.0000,2.0000,1
4.0000,2.0000,0.4000,0.0459,0.0000,1.0697,0.0000,2.0000,2
5.0000,2.0000,0.4000,0.0948,0.3654,0.0021,0.0000,2.0000,3
4.0000,3.0000,0.4000,0.0533,0.0000,0.7846,0.0000,2.0000,1
6.0000,3.0000,0.4000,0.0388,0.0000,1.4467,0.0000,2.0000,2
4.0000,3.0000,0.4000,0.1050,0.3774,-0.0950,0.0000,2.0000,3
3.0000,4.0000,0.4000,0.0611,0.0000,0.5544,0.0000,2.0000,1
5.0000,4.0000,0.4000,0.0410,0.0000,1.3189,0.0000,2.0000,2
3.0000,4.0000,0.4000,0.0948,0.5000,0.0021,0.0000,2.0000,3
5.0000,5.0000,0.4000,0.0713,0.0000,0.3326,0.0000,2.0000,1
4.0000,5.0000,0.4000,0.0421,0.0000,1.2598,0.0000,2.0000,2
2.0000,5.0000,0.4000,0.0948,0.4545,0.0021,0.0000,2.0000,3
4.0000,6.0000,0.4000,0.0533,0.0000,0.7846,0.0000,2.0000,1
9.0000,6.0000,0.4000,0.0470,0.0000,1.0232,0.0000,2.0000,2
4.0000,6.0000,0.4000,0.0992,0.4821,-0.0422,0.0000,2.0000,3
7.0000,7.0000,0.4000,0.0717,0.0000,0.3252,0.0000,2.0000,1
5.0000,7.0000,0.4000,0.0495,0.0000,0.9197,0.0000,2.0000,2
2.0000,7.0000,0.4000,0.0992,0.5088,-0.0422,0.0000,2.0000,3
6.0000,8.0000,0.4000,0.0739,0.0000,0.2862,0.0000,2.0000,1
7.0000,8.0000,0.4000,0.0422,0.0000,1.2513,0.0000,2.0000,2
4.0000,8.0000,0.4000,0.0948,0.4310,0.0021,0.0000,2.0000,3
4.0000,9.0000,0.4000,0.0518,0.0000,0.8342,0.0000,2.0000,1
8.0000,9.0000,0.4000,0.0466,0.0000,1.0412,0.0000,2.0000,2
1.0000,9.0000,0.4000,0.1050,0.5085,-0.0950,0.0000,2.0000,3
4.0000,1.0000,0.4000,0.0744,0.0000,0.2777,0.0000,2.0000,1
6.0000,1.0000,0.4000,0.0431,0.0000,1.2049,0.0000,2.0000,2
5.0000,1.0000,0.4000,0.0948,0.3725,0.0021,0.0000,2.0000,3
6.0000,2.0000,0.4000,0.0754,0.0000,0.2608,0.0000,2.0000,1
6.0000,2.0000,0.4000,0.0372,0.0000,1.5576,0.0000,2.0000,2
1.0000,2.0000,0.4000,0.1050,0.4231,-0.0950,0.0000,2.0000,3
6.0000,3.0000,0.4000,0.0693,0.0000,0.3717,0.0000,2.0000,1
9.0000,3.0000,0.4000,0.0448,0.0000,1.1204,0.0000,2.0000,2
5.0000,3.0000,0.4000,0.0948,0.3962,0.0021,0.0000,2.0000,3
7.0000,4.0000,0.4000,0.0739,0.0000,0.2862,0.0000,2.0000,1
7.0000,4.0000,0.4000,0.0449,0.0000,1.1162,0.0000,2.0000,2
4.0000,4.0000,0.4000,0.1050,0.3889,-0.0950,0.0000,2.0000,3
4.0000,5.0000,0.4000,0.0715,0.0000,0.3295,0.0000,2.0000,1
6.0000,5.0000,0.4000,0.0419,0.0000,1.2693,0.0000,2.0000,2
1.0000,5.0000,0.4000,0.0948,0.4727,0.0021,0.0000,2.0000,3
5.0000,6.0000,0.4000,0.0546,0.0000,0.7413,0.0000,2.0000,1
8.0000,6.0000,0.4000,0.0369,0.0000,1.5755,0.0000,2.0000,2
5.0000,6.0000,0.4000,0.0948,0.4286,0.0021,0.0000,2.0000,3
5.0000,7.0000,0.4000,0.0529,0.0000,0.7962,0.0000,2.0000,1
7.0000,7.0000,0.4000,0.0340,0.0000,1.7941,0.0000,2.0000,2
2.0000,7.0000,0.4000,0.0948,0.5263,0.0021,0.0000,2.0000,3
7.0000,8.0000,0.4000,0.0703,0.0000,0.3527,0.0000,2.0000,1
6.0000,8.0000,0.4000,0.0395,0.0000,1.4087,0.0000,2.0000,2
4.0000,8.0000,0.4000,0.1050,0.4483,-0.0950,0.0000,2.0000,3
4.0000,9.0000,0.4000,0.0518,0.0000,0.8342,0.0000,2.0000,1
5.0000,9.0000,0.4000,0.0485,0.0000,0.9578,0.0000,2.0000,2
3.0000,9.0000,0.4000,0.0948,0.5254,0.0021,0.0000,2.0000,3
6.0000,1.0000,0.4000,0.0759,0.0000,0.2513,0.0000,2.0000,1
7.0000,1.0000,0.4000,0.0449,0.0000,1.1162,0.0000,2.0000,2
5.0000,1.0000,0.4000,0.0948,0.3922,0.0021,0.0000,2.0000,3
5.0000,2.0000,0.4000,0.0679,0.0000,0.4002,0.0000,2.0000,1
9.0000,2.0000,0.4000,0.0406,0.0000,1.3432,0.0000,2.0000,2
3.0000,2.0000,0.4000,0.0948,0.4615,0.0021,0.0000,2.0000,3
6.0000,3.0000,0.4000,0.0693,0.0000,0.3717,0.0000,2.0000,1
8.0000,3.0000,0.4000,0.0348,0.0000,1.7318,0.0000,2.0000,2
2.0000,3.0000,0.4000,0.0992,0.4528,-0.0422,0.0000,2.0000,3
6.0000,4.0000,0.4000,0.0801,0.0000,0.1869,0.0000,2.0000,1
8.0000,4.0000,0.4000,0.0415,0.0000,1.2925,0.0000,2.0000,2
6.0000,4.0000,0.4000,0.0948,0.4259,0.0021,0.0000,2.0000,3
6.0000,5.0000,0.4000,0.0733,0.0000,0.2967,0.0000,2.0000,1
3.0000,5.0000,0.4000,0.0414,0.0000,1.2936,0.0000,2.0000,2
4.0000,5.0000,0.4000,0.0948,0.4182,0.0021,0.0000,2.0000,3
8.0000,6.0000,0.4000,0.0717,0.0000,0.3252,0.0000,2.0000,1
5.0000,6.0000,0.4000,0.0323,0.0000,1.9409,0.0000,2.0000,2
1.0000,6.0000,0.4000,0.0992,0.5000,-0.0422,0.0000,2.0000,3
5.0000,7.0000,0.4000,0.0750,0.0000,0.2672,0.0000,2.0000,1
7.0000,7.0000,0.4000,0.0375,0.0000,1.5354,0.0000,2.0000,2
4.0000,7.0000,0.4000,0.0992,0.4737,-0.0422,0.0000,2.0000,3
5.0000,8.0000,0.4000,0.0453,0.0000,1.0982,0.0000,2.0000,1
9.0000,8.0000,0.4000,0.0412,0.0000,1.3094,0.0000,2.0000,2
5.0000,8.0000,0.4000,0.0992,0.4655,-0.0422,0.0000,2.0000,3
8.0000,9.0000,0.4000,0.0587,0.0000,0.6177,0.0000,2.0000,1
9.0000,9.0000,0.4000,0.0380,0.0000,1.4995,0.0000,2.0000,2
4.0000,9.0000,0.4000,0.1050,0.4407,-0.0950,0.0000,2.0000,3
7.0000,1.0000,0.4000,0.0588,0.0000,0.6167,0.0000,2.0000,1
7.0000,1.0000,0.4000,0.0373,0.0000,1.5470,0.0000,2.0000,2
5.0000,1.0000,0.4000,0.0992,0.4118,-0.0422,0.0000,2.0000,3
3.0000,2.0000,0.4000,0.0591,0.0000,0.6072,0.0000,2.0000,1
9.0000,2.0000,0.4000,0.0526,0.0000,0.8068,0.0000,2.0000,2
2.0000,2.0000,0.4000,0.0992,0.4808,-0.0422,0.0000,2.0000,3
5.0000,3.0000,0.4000,0.0744,0.0000,0.2777,0.0000,2.0000,1
9.0000,3.0000,0.4000,0.0415,0.0000,1.2914,0.0000,2.0000,2
5.0000,3.0000,0.4000,0.1049,0.3774,-0.0940,0.0000,2.0000,3
7.0000,4.0000,0.4000,0.0726,0.0000,0.3094,0.0000,2.0000,1
10.0000,4.0000,0.4000,0.0399,0.0000,1.3791,0.0000,2.0000,2
6.0000,4.0000,0.4000,0.0948,0.4444,0.0021,0.0000,2.0000,3
7.0000,5.0000,0.4000,0.0639,0.0000,0.4868,0.0000,2.0000,1
7.0000,5.0000,0.4000,0.0385,0.0000,1.4699,0.0000,2.0000,2
2.0000,5.0000,0.4000,0.1049,0.4727,-0.0940,0.0000,2.0000,3
7.0000,6.0000,0.4000,0.0550,0.0000,0.7265,0.0000,2.0000,1
7.0000,6.0000,0.4000,0.0365,0.0000,1.6040,0.0000,2.0000,2

6.0000,5.0000,0.2000,0.2576,0.0000,0.1067,-0.0625,0.6071,1
7.0000,5.0000,0.2000,0.2183,0.0000,0.3062,0.0268,0.6071,2
5.0000,5.0000,0.2000,0.2977,0.2727,-0.0422,-0.0179,0.6071,3
5.0000,6.0000,0.2000,0.2346,0.0000,0.2154,0.0268,0.6071,1
7.0000,6.0000,0.2000,0.2124,0.0000,0.3421,-0.1071,0.6071,2
5.0000,6.0000,0.2000,0.2845,0.2679,0.0021,0.0268,0.6071,3
6.0000,7.0000,0.2000,0.2055,0.0000,0.3875,-0.0179,0.6071,1
6.0000,7.0000,0.2000,0.1872,0.0000,0.5227,-0.0179,0.6071,2
6.0000,7.0000,0.2000,0.2845,0.2456,0.0021,-0.0179,0.6071,3
3.0000,8.0000,0.2000,0.2288,0.0000,0.2460,-0.0179,0.6071,1
4.0000,8.0000,0.2000,0.1801,0.0000,0.5829,0.0268,0.6071,2
5.0000,8.0000,0.2000,0.2845,0.2759,0.0021,0.0268,0.6071,3
5.0000,9.0000,0.2000,0.2001,0.0000,0.4245,-0.0179,0.6071,1
7.0000,9.0000,0.2000,0.1796,0.0000,0.5871,-0.0179,0.6071,2
5.0000,9.0000,0.2000,0.2977,0.3390,-0.0422,-0.0179,0.6071,3
7.0000,5.0000,0.2000,0.2450,0.0000,0.1637,-0.1071,0.6071,1
6.0000,5.0000,0.2000,0.1796,0.0000,0.5871,-0.1071,0.6071,2
6.0000,5.0000,0.2000,0.2845,0.2000,0.0021,-0.0179,0.6071,3
4.0000,6.0000,0.2000,0.2422,0.0000,0.1774,0.0268,0.6071,1
7.0000,6.0000,0.2000,0.1736,0.0000,0.6420,-0.0625,0.6071,2
5.0000,6.0000,0.2000,0.2977,0.2143,-0.0422,-0.0179,0.6071,3
5.0000,7.0000,0.2000,0.2298,0.0000,0.2408,-0.0179,0.6071,1
8.0000,7.0000,0.2000,0.2018,0.0000,0.4129,0.0268,0.6071,2
5.0000,7.0000,0.2000,0.2977,0.2807,-0.0422,-0.1071,0.6071,3
4.0000,8.0000,0.2000,0.2360,0.0000,0.2080,-0.0179,0.6071,1
4.0000,8.0000,0.2000,0.1801,0.0000,0.5829,-0.0625,0.6071,2
5.0000,8.0000,0.2000,0.2977,0.3103,-0.0422,-0.0179,0.6071,3
7.0000,9.0000,0.2000,0.2346,0.0000,0.2154,-0.0179,0.6071,1
7.0000,9.0000,0.2000,0.1911,0.0000,0.4921,0.0268,0.6071,2
6.0000,9.0000,0.2000,0.2845,0.2542,0.0021,-0.0179,0.6071,3
8.0000,5.0000,0.2000,0.2294,0.0000,0.2429,-0.0625,0.6071,1
6.0000,5.0000,0.2000,0.1988,0.0000,0.4340,0.0268,0.6071,2
4.0000,5.0000,0.2000,0.2845,0.3455,0.0021,-0.0179,0.6071,3
8.0000,6.0000,0.2000,0.2284,0.0000,0.2482,-0.0179,0.6071,1
9.0000,6.0000,0.2000,0.2093,0.0000,0.3622,0.0268,0.6071,2
6.0000,6.0000,0.2000,0.2845,0.2679,0.0021,0.0268,0.6071,3
7.0000,7.0000,0.2000,0.2055,0.0000,0.3875,-0.0179,0.6071,1
8.0000,7.0000,0.2000,0.1374,0.0000,1.0750,-0.0179,0.6071,2
6.0000,7.0000,0.2000,0.2977,0.2982,-0.0422,-0.0179,0.6071,3
7.0000,8.0000,0.2000,0.2055,0.0000,0.3875,0.0268,0.6071,1
7.0000,8.0000,0.2000,0.1535,0.0000,0.8574,-0.0179,0.6071,2
7.0000,8.0000,0.2000,0.2845,0.2414,0.0021,-0.0179,0.6071,3
8.0000,9.0000,0.2000,0.2284,0.0000,0.2482,-0.0179,0.6071,1
8.0000,9.0000,0.2000,0.1633,0.0000,0.7455,-0.0179,0.6071,2
7.0000,9.0000,0.2000,0.2845,0.3220,0.0021,-0.1071,0.6071,3
11.0000,5.0000,0.2000,0.2801,0.0000,0.0180,0.0268,0.6071,1
16.0000,5.0000,0.2000,0.1826,0.0000,0.5618,0.0268,0.6071,2
13.0000,5.0000,0.2000,0.2967,0.2909,-0.0391,-0.0179,0.6071,3
15.0000,6.0000,0.2000,0.2300,0.0000,0.2397,-0.0179,0.6071,1
15.0000,6.0000,0.2000,0.1611,0.0000,0.7698,-0.0179,0.6071,2
11.0000,6.0000,0.2000,0.2833,0.3393,0.0063,-0.0179,0.6071,3


7.0000,5.0000,0.2000,0.2450,0.0000,0.1637,-0.1071,0.6071,1
6.0000,5.0000,0.2000,0.1550,0.0000,0.8395,-0.0179,0.6071,2
5.0000,5.0000,0.2000,0.2845,0.2545,0.0021,0.0268,0.6071,3
6.0000,6.0000,0.2000,0.2346,0.0000,0.2154,0.0268,0.6071,1
5.0000,6.0000,0.2000,0.2193,0.0000,0.2999,-0.0179,0.6071,2
5.0000,6.0000,0.2000,0.2845,0.2321,0.0021,-0.0625,0.6071,3
6.0000,7.0000,0.2000,0.2545,0.0000,0.1204,-0.0179,0.6071,1
7.0000,7.0000,0.2000,0.1933,0.0000,0.4752,0.0268,0.6071,2
5.0000,7.0000,0.2000,0.2845,0.2807,0.0021,0.0268,0.6071,3
5.0000,8.0000,0.2000,0.2298,0.0000,0.2408,-0.0179,0.6071,1
7.0000,8.0000,0.2000,0.1702,0.0000,0.6748,-0.0179,0.6071,2
3.0000,8.0000,0.2000,0.2845,0.3621,0.0021,-0.0179,0.6071,3
7.0000,9.0000,0.2000,0.2001,0.0000,0.4245,-0.0179,0.6071,1
7.0000,9.0000,0.2000,0.1684,0.0000,0.6927,-0.0179,0.6071,2
5.0000,9.0000,0.2000,0.2977,0.3051,-0.0422,-0.1071,0.6071,3
5.0000,10.0000,0.2000,0.2509,0.0000,0.1362,0.0268,0.6071,1
6.0000,10.0000,0.2000,0.1740,0.0000,0.6389,-0.0179,0.6071,2
5.0000,10.0000,0.2000,0.2845,0.3167,0.0021,0.0268,0.6071,3
6.0000,5.0000,0.2000,0.2346,0.0000,0.2154,0.0268,0.6071,1
9.0000,5.0000,0.2000,0.1951,0.0000,0.4615,0.0268,0.6071,2
5.0000,5.0000,0.2000,0.2845,0.2545,0.0021,0.0268,0.6071,3
4.0000,6.0000,0.2000,0.2346,0.0000,0.2154,0.0268,0.6071,1
8.0000,6.0000,0.2000,0.1796,0.0000,0.5871,-0.0179,0.6071,2
4.0000,6.0000,0.2000,0.3151,0.2500,-0.0950,0.0268,0.6071,3
5.0000,7.0000,0.2000,0.2545,0.0000,0.1204,-0.0625,0.6071,1
6.0000,7.0000,0.2000,0.1550,0.0000,0.8395,-0.0179,0.6071,2
6.0000,7.0000,0.2000,0.2845,0.2807,0.0021,-0.2857,0.6071,3
6.0000,8.0000,0.2000,0.2422,0.0000,0.1774,-0.0625,0.6071,1
7.0000,8.0000,0.2000,0.1964,0.0000,0.4520,-0.1071,0.6071,2
3.0000,8.0000,0.2000,0.2845,0.3621,0.0021,-0.0179,0.6071,3
6.0000,9.0000,0.2000,0.2001,0.0000,0.4245,-0.0179,0.6071,1
8.0000,9.0000,0.2000,0.1585,0.0000,0.7983,0.0268,0.6071,2
6.0000,9.0000,0.2000,0.2845,0.3390,0.0021,-0.0179,0.6071,3
5.0000,10.0000,0.2000,0.2237,0.0000,0.2746,-0.0179,0.6071,1
6.0000,10.0000,0.2000,0.1449,0.0000,0.9673,-0.0179,0.6071,2
6.0000,10.0000,0.2000,0.2845,0.2667,0.0021,-0.0179,0.6071,3
8.0000,5.0000,0.2000,0.2346,0.0000,0.2154,-0.0179,0.6071,1
9.0000,5.0000,0.2000,0.1985,0.0000,0.4361,-0.0179,0.6071,2
5.0000,5.0000,0.2000,0.2845,0.2364,0.0021,0.0268,0.6071,3
6.0000,6.0000,0.2000,0.1774,0.0000,0.6072,0.0268,0.6071,1
9.0000,6.0000,0.2000,0.2082,0.0000,0.3696,-0.0625,0.6071,2
7.0000,6.0000,0.2000,0.2845,0.2679,0.0021,-0.1071,0.6071,3
5.0000,7.0000,0.2000,0.1959,0.0000,0.4551,-0.0179,0.6071,1
10.0000,7.0000,0.2000,0.1796,0.0000,0.5871,0.0268,0.6071,2
7.0000,7.0000,0.2000,0.2845,0.2807,0.0021,-0.1071,0.6071,3
8.0000,8.0000,0.2000,0.2055,0.0000,0.3875,-0.1071,0.6071,1
9.0000,8.0000,0.2000,0.1926,0.0000,0.4805,0.0268,0.6071,2
3.0000,8.0000,0.2000,0.2845,0.3448,0.0021,0.0268,0.6071,3
7.0000,9.0000,0.2000,0.2019,0.0000,0.4118,-0.0179,0.6071,1
9.0000,9.0000,0.2000,0.1984,0.0000,0.4372,0.0268,0.6071,2
7.0000,9.0000,0.2000,0.2845,0.2373,0.0021,-0.0625,0.6071,3
7.0000,10.0000,0.2000,0.1919,0.0000,0.4857,0.0268,0.6071,1
8.0000,10.0000,0.2000,0.1904,0.0000,0.4974,-0.0179,0.6071,2
6.0000,10.0000,0.2000,0.2845,0.3333,0.0021,-0.0179,0.6071,3
13.0000,5.0000,0.2000,0.2300,0.0000,0.2397,-0.0179,0.6071,1
16.0000,5.0000,0.2000,0.1826,0.0000,0.5618,0.0268,0.6071,2
13.0000,5.0000,0.2000,0.2833,0.2364,0.0063,0.0268,0.6071,3
12.0000,6.0000,0.2000,0.2231,0.0000,0.2777,-0.0179,0.6071,1
13.0000,6.0000,0.2000,0.1887,0.0000,0.5111,-0.1071,0.6071,2
14.0000,6.0000,0.2000,0.2833,0.2679,0.0063,-0.2857,0.6071,3
13.0000,7.0000,0.2000,0.2535,0.0000,0.1246,-0.0625,0.6071,1
15.0000,7.0000,0.2000,0.2119,0.0000,0.3453,-0.0625,0.6071,2
12.0000,7.0000,0.2000,0.2833,0.2632,0.0063,0.0268,0.6071,3
12.0000,8.0000,0.2000,0.1959,0.0000,0.4551,-0.0179,0.6071,1
14.0000,8.0000,0.2000,0.1792,0.0000,0.5913,-0.1071,0.6071,2
12.0000,8.0000,0.2000,0.2833,0.3621,0.0063,-0.0179,0.6071,3
14.0000,9.0000,0.2000,0.2006,0.0000,0.4213,-0.0179,0.6071,1
16.0000,9.0000,0.2000,0.1805,0.0000,0.5797,0.0268,0.6071,2
13.0000,9.0000,0.2000,0.2833,0.3390,0.0063,-0.0179,0.6071,3
14.0000,10.0000,0.2000,0.2220,0.0000,0.2841,-0.2857,0.6071,1
16.0000,10.0000,0.2000,0.1900,0.0000,0.5005,0.0268,0.6071,2
12.0000,10.0000,0.2000,0.2833,0.3333,0.0063,-0.0179,0.6071,3
15.0000,5.0000,0.2000,0.2220,0.0000,0.2841,-0.2857,0.6071,1
18.0000,5.0000,0.2000,0.1750,0.0000,0.6294,0.0268,0.6071,2
14.0000,5.0000,0.2000,0.2833,0.2364,0.0063,0.0268,0.6071,3
14.0000,6.0000,0.2000,0.2450,0.0000,0.1637,0.0268,0.6071,1
15.0000,6.0000,0.2000,0.1887,0.0000,0.5111,-0.0179,0.6071,2
13.0000,6.0000,0.2000,0.2967,0.2679,-0.0391,0.0268,0.6071,3
14.0000,7.0000,0.2000,0.2027,0.0000,0.4065,-0.0179,0.6071,1
15.0000,7.0000,0.2000,0.1658,0.0000,0.7191,-0.0179,0.6071,2
14.0000,7.0000,0.2000,0.2967,0.2807,-0.0391,-0.1071,0.6071,3
15.0000,8.0000,0.2000,0.1993,0.0000,0.4308,0.0268,0.6071,1
16.0000,8.0000,0.2000,0.2119,0.0000,0.3453,-0.0625,0.6071,2
14.0000,8.0000,0.2000,0.2833,0.2759,0.0063,0.0268,0.6071,3
14.0000,9.0000,0.2000,0.2509,0.0000,0.1362,-0.0625,0.6071,1
17.0000,9.0000,0.2000,0.1900,0.0000,0.5005,0.0268,0.6071,2
13.0000,9.0000,0.2000,0.2833,0.3051,0.0063,-0.0179,0.6071,3
13.0000,10.0000,0.2000,0.1519,0.0000,0.8765,-0.0179,0.6071,1
15.0000,10.0000,0.2000,0.1719,0.0000,0.6589,-0.0179,0.6071,2
14.0000,10.0000,0.2000,0.2833,0.3500,0.0063,-0.0179,0.6071,3
4.0000,5.0000,0.3000,0.2312,0.0000,0.2334,-0.0816,1.1429,1
7.0000,5.0000,0.3000,0.1987,0.0000,0.4351,-0.0816,1.1429,2
5.0000,5.0000,0.3000,0.2977,0.3455,-0.0422,-0.2857,1.1429,3
5.0000,6.0000,0.3000,0.1903,0.0000,0.4984,-0.0306,1.1429,1
7.0000,6.0000,0.3000,0.1831,0.0000,0.5576,-0.0816,1.1429,2
3.0000,6.0000,0.3000,0.2845,0.3571,0.0021,-0.0306,1.1429,3
4.0000,7.0000,0.3000,0.2346,0.0000,0.2154,0.0204,1.1429,1
8.0000,7.0000,0.3000,0.1616,0.0000,0.7645,-0.0306,1.1429,2
2.0000,7.0000,0.3000,0.2845,0.4035,0.0021,-0.0306,1.1429,3
6.0000,8.0000,0.3000,0.2545,0.0000,0.1204,-0.0306,1.1429,1
7.0000,8.0000,0.3000,0.1673,0.0000,0.7043,-0.0306,1.1429,2
4.0000,8.0000,0.3000,0.2845,0.3621,0.0021,0.2755,1.1429,3
5.0000,9.0000,0.3000,0.1461,0.0000,0.9514,0.3265,1.1429,1
6.0000,9.0000,0.3000,0.1574,0.0000,0.8110,-0.0306,1.1429,2
3.0000,9.0000,0.3000,0.2845,0.4407,0.0021,-0.0816,1.1429,3
5.0000,10.0000,0.3000,0.1519,0.0000,0.8765,-0.0816,1.1429,1
7.0000,10.0000,0.3000,0.1492,0.0000,0.9113,0.0204,1.1429,2
5.0000,10.0000,0.3000,0.2845,0.4000,0.0021,0.0204,1.1429,3
5.0000,5.0000,0.3000,0.2576,0.0000,0.1067,-0.0816,1.1429,1
8.0000,5.0000,0.3000,0.1523,0.0000,0.8722,-0.0306,1.1429,2
5.0000,5.0000,0.3000,0.2845,0.2545,0.0021,0.0204,1.1429,3
5.0000,6.0000,0.3000,0.2377,0.0000,0.1996,-0.0816,1.1429,1
7.0000,6.0000,0.3000,0.1277,0.0000,1.2323,-0.0306,1.1429,2
5.0000,6.0000,0.3000,0.2977,0.3929,-0.0422,-0.0306,1.1429,3
5.0000,7.0000,0.3000,0.2422,0.0000,0.1774,-0.0816,1.1429,1
4.0000,7.0000,0.3000,0.1773,0.0000,0.6082,0.3265,1.1429,2
4.0000,7.0000,0.3000,0.2845,0.3333,0.0021,0.2755,1.1429,3
6.0000,8.0000,0.3000,0.2237,0.0000,0.2746,-0.0816,1.1429,1
6.0000,8.0000,0.3000,0.1621,0.0000,0.7592,-0.0306,1.1429,2
3.0000,8.0000,0.3000,0.2845,0.4310,0.0021,-0.0816,1.1429,3
5.0000,9.0000,0.3000,0.2422,0.0000,0.1774,-0.0306,1.1429,1
7.0000,9.0000,0.3000,0.1622,0.0000,0.7582,-0.0816,1.1429,2
5.0000,9.0000,0.3000,0.2977,0.4237,-0.0422,-0.0306,1.1429,3
7.0000,10.0000,0.3000,0.1641,0.0000,0.7371,-0.0816,1.1429,1
4.0000,10.0000,0.3000,0.1667,0.0000,0.7107,0.0204,1.1429,2
6.0000,10.0000,0.3000,0.2845,0.3500,0.0021,-0.0306,1.1429,3




5.0000,5.0000,0.4000,0.1779,0.0000,0.6030,-0.2857,2.0000,1
5.0000,5.0000,0.4000,0.1620,0.0000,0.7603,-0.0476,2.0000,2
5.0000,5.0000,0.4000,0.2977,0.4364,-0.0422,-0.2857,2.0000,3
3.0000,6.0000,0.4000,0.2066,0.0000,0.3801,0.0119,2.0000,1
6.0000,6.0000,0.4000,0.1652,0.0000,0.7254,-0.0476,2.0000,2
5.0000,6.0000,0.4000,0.2977,0.4821,-0.0422,-0.1071,2.0000,3
5.0000,7.0000,0.4000,0.2035,0.0000,0.4013,-0.2857,2.0000,1
7.0000,7.0000,0.4000,0.1648,0.0000,0.7297,-0.0476,2.0000,2
4.0000,7.0000,0.4000,0.2845,0.4035,0.0021,-0.0476,2.0000,3
4.0000,8.0000,0.4000,0.2360,0.0000,0.2080,-0.0476,2.0000,1
6.0000,8.0000,0.4000,0.1222,0.0000,1.3326,0.0119,2.0000,2
2.0000,8.0000,0.4000,0.2845,0.4138,0.0021,0.0119,2.0000,3
3.0000,9.0000,0.4000,0.2001,0.0000,0.4245,-0.0476,2.0000,1
6.0000,9.0000,0.4000,0.1641,0.0000,0.7371,0.3095,2.0000,2
5.0000,9.0000,0.4000,0.2845,0.4576,0.0021,-0.1071,2.0000,3
2.0000,10.0000,0.4000,0.2066,0.0000,0.3801,0.0119,2.0000,1
7.0000,10.0000,0.4000,0.1297,0.0000,1.1985,-0.0476,2.0000,2
2.0000,10.0000,0.4000,0.2845,0.4500,0.0021,0.0119,2.0000,3
2.0000,5.0000,0.4000,0.2134,0.0000,0.3358,0.0119,2.0000,1
5.0000,5.0000,0.4000,0.1365,0.0000,1.0887,-0.1071,2.0000,2
3.0000,5.0000,0.4000,0.2845,0.5091,0.0021,-0.2857,2.0000,3
2.0000,6.0000,0.4000,0.1940,0.0000,0.4699,0.0119,2.0000,1
3.0000,6.0000,0.4000,0.1843,0.0000,0.5470,-0.0476,2.0000,2
4.0000,6.0000,0.4000,0.2977,0.4464,-0.0422,0.0119,2.0000,3
5.0000,7.0000,0.4000,0.2066,0.0000,0.3801,-0.1071,2.0000,1
6.0000,7.0000,0.4000,0.1656,0.0000,0.7212,0.0119,2.0000,2
2.0000,7.0000,0.4000,0.2845,0.5088,0.0021,0.0119,2.0000,3
6.0000,8.0000,0.4000,0.2055,0.0000,0.3875,-0.1667,2.0000,1
5.0000,8.0000,0.4000,0.1509,0.0000,0.8891,-0.1071,2.0000,2
2.0000,8.0000,0.4000,0.2845,0.4828,0.0021,-0.0476,2.0000,3
3.0000,9.0000,0.4000,0.1472,0.0000,0.9366,0.0119,2.0000,1
5.0000,9.0000,0.4000,0.1473,0.0000,0.9356,-0.0476,2.0000,2
4.0000,9.0000,0.4000,0.3253,0.4576,-0.1235,0.0119,2.0000,3
5.0000,10.0000,0.4000,0.2237,0.0000,0.2746,-0.0476,2.0000,1
7.0000,10.0000,0.4000,0.1629,0.0000,0.7497,-0.1071,2.0000,2
1.0000,10.0000,0.4000,0.2977,0.5333,-0.0422,0.0119,2.0000,3
5.0000,5.0000,0.4000,0.2133,0.0000,0.3369,0.0119,2.0000,1
5.0000,5.0000,0.4000,0.1364,0.0000,1.0908,0.0119,2.0000,2
1.0000,5.0000,0.4000,0.3147,0.4545,-0.0940,0.3095,2.0000,3
6.0000,6.0000,0.4000,0.2061,0.0000,0.3833,-0.1071,2.0000,1
6.0000,6.0000,0.4000,0.1292,0.0000,1.2070,-0.0476,2.0000,2
5.0000,6.0000,0.4000,0.2977,0.4464,-0.0422,-0.1071,2.0000,3
6.0000,7.0000,0.4000,0.1779,0.0000,0.6030,-0.2857,2.0000,1
6.0000,7.0000,0.4000,0.1538,0.0000,0.8543,0.0119,2.0000,2
6.0000,7.0000,0.4000,0.2845,0.3860,0.0021,0.0119,2.0000,3
7.0000,7.0000,0.4000,0.1560,0.0000,0.8279,0.0119,2.0000,1
11.0000,7.0000,0.4000,0.1542,0.0000,0.8490,-0.2857,2.0000,2
2.0000,7.0000,0.4000,0.2977,0.5263,-0.0422,0.0119,2.0000,3
4.0000,8.0000,0.4000,0.1911,0.0000,0.4921,0.0119,2.0000,1
6.0000,8.0000,0.4000,0.1513,0.0000,0.8849,0.0119,2.0000,2
3.0000,8.0000,0.4000,0.2845,0.4310,0.0021,0.0119,2.0000,3
9.0000,8.0000,0.4000,0.2001,0.0000,0.4245,-0.1071,2.0000,1
8.0000,8.0000,0.4000,0.1312,0.0000,1.1732,-0.0476,2.0000,2
6.0000,8.0000,0.4000,0.2845,0.4138,0.0021,-0.1071,2.0000,3
9.0000,9.0000,0.4000,0.2284,0.0000,0.2482,-0.1071,2.0000,1
9.0000,9.0000,0.4000,0.1641,0.0000,0.7371,-0.2857,2.0000,2
4.0000,9.0000,0.4000,0.2845,0.5424,0.0021,-0.1071,2.0000,3
7.0000,10.0000,0.4000,0.1641,0.0000,0.7371,-0.1071,2.0000,1
9.0000,10.0000,0.4000,0.1443,0.0000,0.9757,-0.0476,2.0000,2
3.0000,10.0000,0.4000,0.2845,0.5333,0.0021,-0.1071,2.0000,3
14.0000,5.0000,0.4000,0.1637,0.0000,0.7413,0.0119,2.0000,1
12.0000,5.0000,0.4000,0.1460,0.0000,0.9525,-0.0476,2.0000,2
11.0000,5.0000,0.4000,0.2967,0.4545,-0.0391,0.0119,2.0000,3
12.0000,6.0000,0.4000,0.2282,0.0000,0.2492,-0.0476,2.0000,1
13.0000,6.0000,0.4000,0.1651,0.0000,0.7265,0.3095,2.0000,2
9.0000,6.0000,0.4000,0.2833,0.5000,0.0063,0.0119,2.0000,3
13.0000,7.0000,0.4000,0.1959,0.0000,0.4551,-0.0476,2.0000,1
13.0000,7.0000,0.4000,0.1530,0.0000,0.8638,0.3095,2.0000,2
12.0000,7.0000,0.4000,0.2833,0.4386,0.0063,-0.2857,2.0000,3
13.0000,8.0000,0.4000,0.1767,0.0000,0.6135,-0.2857,2.0000,1
16.0000,8.0000,0.4000,0.1356,0.0000,1.1024,-0.1071,2.0000,2
12.0000,8.0000,0.4000,0.2833,0.5345,0.0063,-0.2857,2.0000,3
14.0000,9.0000,0.4000,0.1781,0.0000,0.6008,-0.0476,2.0000,1
15.0000,9.0000,0.4000,0.1438,0.0000,0.9820,-0.0476,2.0000,2
10.0000,9.0000,0.4000,0.2833,0.4576,0.0063,0.0119,2.0000,3
14.0000,10.0000,0.4000,0.2220,0.0000,0.2841,-0.2857,2.0000,1
13.0000,10.0000,0.4000,0.1530,0.0000,0.8638,-0.0476,2.0000,2
9.0000,10.0000,0.4000,0.2833,0.5000,0.0063,0.3095,2.0000,3
11.0000,5.0000,0.4000,0.1794,0.0000,0.5892,-0.0476,2.0000,1
15.0000,5.0000,0.4000,0.1827,0.0000,0.5607,0.0119,2.0000,2
12.0000,5.0000,0.4000,0.3136,0.4182,-0.0908,0.2500,2.0000,3
13.0000,6.0000,0.4000,0.1993,0.0000,0.4308,-0.2857,2.0000,1
13.0000,6.0000,0.4000,0.1651,0.0000,0.7265,-0.0476,2.0000,2
10.0000,6.0000,0.4000,0.2833,0.4643,0.0063,0.3095,2.0000,3
15.0000,7.0000,0.4000,0.2220,0.0000,0.2841,-0.2857,2.0000,1
15.0000,7.0000,0.4000,0.1283,0.0000,1.2218,-0.1667,2.0000,2
11.0000,7.0000,0.4000,0.2967,0.5088,-0.0391,-0.1071,2.0000,3
14.0000,8.0000,0.4000,0.1701,0.0000,0.6758,-0.0476,2.0000,1
17.0000,8.0000,0.4000,0.1266,0.0000,1.2524,-0.0476,2.0000,2
11.0000,8.0000,0.4000,0.2833,0.5172,0.0063,0.0119,2.0000,3
14.0000,9.0000,0.4000,0.1767,0.0000,0.6135,-0.2857,2.0000,1
19.0000,9.0000,0.4000,0.1525,0.0000,0.8701,0.7857,17.0000,2
12.0000,9.0000,0.4000,0.3285,0.4407,-0.1320,-0.1071,2.0000,3
14.0000,10.0000,0.4000,0.2056,0.0000,0.3865,-0.1071,2.0000,1
14.0000,10.0000,0.4000,0.1080,0.0000,1.6410,0.0119,2.0000,2
12.0000,10.0000,0.4000,0.2833,0.5667,0.0063,-0.0476,2.0000,3
3.0000,5.0000,0.5000,0.1723,0.0000,0.6547,-0.2857,3.5000,1
9.0000,5.0000,0.5000,0.1457,0.0000,0.9567,0.0000,3.5000,2
2.0000,5.0000,0.5000,0.2977,0.6000,-0.0422,-0.1429,3.5000,3
5.0000,7.0000,0.5000,0.1175,0.0000,1.4266,-0.2857,3.5000,1
4.0000,7.0000,0.5000,0.1406,0.0000,1.0275,-0.0714,3.5000,2
1.0000,7.0000,0.5000,0.2977,0.5789,-0.0422,-0.0714,3.5000,3
4.0000,8.0000,0.5000,0.2066,0.0000,0.3801,-0.0714,3.5000,1
4.0000,8.0000,0.5000,0.1400,0.0000,1.0370,0.0000,3.5000,2
2.0000,8.0000,0.5000,0.2845,0.5690,0.0021,-0.2857,3.5000,3
5.0000,9.0000,0.5000,0.1779,0.0000,0.6030,-0.2857,3.5000,1
5.0000,9.0000,0.5000,0.1308,0.0000,1.1795,0.0000,3.5000,2
3.0000,9.0000,0.5000,0.3151,0.5085,-0.0950,-0.0714,3.5000,3
3.0000,5.0000,0.5000,0.2134,0.0000,0.3358,-0.0714,3.5000,1
6.0000,5.0000,0.5000,0.1195,0.0000,1.3865,-0.1429,3.5000,2
2.0000,5.0000,0.5000,0.2845,0.4909,0.0021,0.0000,3.5000,3
3.0000,6.0000,0.5000,0.1940,0.0000,0.4699,-0.2857,3.5000,1
7.0000,6.0000,0.5000,0.1948,0.0000,0.4636,-0.0714,3.5000,2
4.0000,6.0000,0.5000,0.2977,0.4643,-0.0422,0.0000,3.5000,3
5.0000,7.0000,0.5000,0.1548,0.0000,0.8416,-0.0714,3.5000,1
7.0000,7.0000,0.5000,0.1220,0.0000,1.3379,0.0000,3.5000,2
4.0000,7.0000,0.5000,0.3305,0.5263,-0.1373,-0.1429,3.5000,3
5.0000,8.0000,0.5000,0.1988,0.0000,0.4340,-0.0714,3.5000,1
7.0000,8.0000,0.5000,0.1528,0.0000,0.8659,0.0000,3.5000,2
1.0000,8.0000,0.5000,0.3151,0.5690,-0.0950,-0.0714,3.5000,3
4.0000,9.0000,0.5000,0.2066,0.0000,0.3801,-0.0714,3.5000,1
7.0000,9.0000,0.5000,0.1542,0.0000,0.8490,-0.2857,3.5000,2
3.0000,9.0000,0.5000,0.3151,0.5424,-0.0950,0.2143,3.5000,3
4.0000,10.0000,0.5000,0.1914,0.0000,0.4900,-0.0714,3.5000,1
6.0000,10.0000,0.5000,0.1322,0.0000,1.1563,-0.2857,3.5000,2
5.0000,10.0000,0.5000,0.2977,0.6000,-0.0422,-0.0714,3.5000,3
4.0000,5.0000,0.5000,0.2133,0.0000,0.3369,0.0000,3.5000,1
4.0000,5.0000,0.5000,0.1632,0.0000,0.7466,-0.2857,3.5000,2
5.0000,5.0000,0.5000,0.2845,0.4909,0.0021,-0.2857,3.5000,3
7.0000,6.0000,0.5000,0.1782,0.0000,0.5998,-0.1429,3.5000,1
4.0000,6.0000,0.5000,0.1683,0.0000,0.6938,0.0000,3.5000,2
2.0000,6.0000,0.5000,0.2845,0.6071,0.0021,0.0000,3.5000,3
6.0000,7.0000,0.5000,0.1387,0.0000,1.0549,0.2857,3.5000,1
11.0000,7.0000,0.5000,0.1331,0.0000,1.1426,-0.2857,3.5000,2
4.0000,7.0000,0.5000,0.3253,0.5439,-0.1235,-0.0714,3.5000,3
4.0000,8.0000,0.5000,0.1940,0.0000,0.4699,-0.2857,3.5000,1
5.0000,8.0000,0.5000,0.1424,0.0000,1.0021,0.0000,3.5000,2
4.0000,8.0000,0.5000,0.3147,0.4655,-0.0940,0.2857,3.5000,3
6.0000,9.0000,0.5000,0.2061,0.0000,0.3833,-0.1429,3.5000,1
6.0000,9.0000,0.5000,0.1424,0.0000,1.0021,-0.2857,3.5000,2
2.0000,9.0000,0.5000,0.2845,0.6102,0.0021,-0.0714,3.5000,3
4.0000,10.0000,0.5000,0.1576,0.0000,0.8089,-0.0714,3.5000,1
6.0000,10.0000,0.5000,0.1116,0.0000,1.5544,0.2857,3.5000,2
2.0000,10.0000,0.5000,0.2977,0.6500,-0.0422,-0.1429,3.5000,3
12.0000,5.0000,0.5000,0.1952,0.0000,0.4604,0.0000,3.5000,1
14.0000,5.0000,0.5000,0.1975,0.0000,0.4435,-0.2857,3.5000,2
11.0000,5.0000,0.5000,0.2967,0.6000,-0.0391,-0.2857,3.5000,3
13.0000,6.0000,0.5000,0.1654,0.0000,0.7233,0.0000,3.5000,1
14.0000,6.0000,0.5000,0.1448,0.0000,0.9694,-0.2857,3.5000,2
13.0000,6.0000,0.5000,0.2967,0.4821,-0.0391,-0.2857,3.5000,3
13.0000,7.0000,0.5000,0.1693,0.0000,0.6843,0.0000,3.5000,1
15.0000,7.0000,0.5000,0.1324,0.0000,1.1531,0.0000,3.5000,2
10.0000,7.0000,0.5000,0.2833,0.5263,0.0063,0.2143,3.5000,3
